Step; State; Reward
0; [[0. 0. 0. 0. 0. 0. 0. 0. 0. 0. 0. 0. 0. 0. 0. 0. 0. 0. 0. 0. 0. 0. 0. 0.
  0. 0. 0. 0. 0. 0. 0. 0. 0. 0. 0.]]; [0.]
1; [[1.017e-01 3.213e+00 0.000e+00 7.896e-04 7.896e-04 5.463e-02 0.000e+00
  0.000e+00 2.963e+00 2.959e+00 2.900e+00 5.463e-02 2.896e+00 2.896e+00
  2.896e+00 0.000e+00 0.000e+00 0.000e+00 2.828e+00 0.000e+00 0.000e+00
  0.000e+00 0.000e+00 0.000e+00 0.000e+00 0.000e+00 0.000e+00 0.000e+00
  0.000e+00 0.000e+00 0.000e+00 0.000e+00 0.000e+00 0.000e+00 0.000e+00]]; [0.]
2; [[2.690e-01 1.134e+01 0.000e+00 5.646e-04 5.646e-04 2.551e-01 0.000e+00
  0.000e+00 1.019e+01 1.018e+01 1.022e+01 2.551e-01 9.852e+00 9.852e+00
  9.852e+00 0.000e+00 0.000e+00 0.000e+00 9.938e+00 0.000e+00 0.000e+00
  0.000e+00 0.000e+00 0.000e+00 0.000e+00 0.000e+00 0.000e+00 0.000e+00
  0.000e+00 0.000e+00 0.000e+00 0.000e+00 0.000e+00 0.000e+00 0.000e+00]]; [0.]
3; [[2.690e-01 1.134e+01 0.000e+00 5.646e-04 5.646e-04 2.551e-01 0.000e+00
  0.000e+00 1.019e+01 1.018e+01 1.022e+01 2.551e-01 9.852e+00 9.852e+00
  9.852e+00 0.000e+00 0.000e+00 0.000e+00 9.938e+00 0.000e+00 0.000e+00
  0.000e+00 0.000e+00 0.000e+00 0.000e+00 0.000e+00 0.000e+00 0.000e+00
  0.000e+00 0.000e+00 0.000e+00 0.000e+00 0.000e+00 0.000e+00 0.000e+00]]; [0.]
4; [[1.0039e+00 1.1055e+01 1.1444e-04 7.1387e-01 7.1387e-01 1.0039e+00
  1.1444e-04 7.1631e-01 9.1328e+00 8.4219e+00 8.9375e+00 2.8955e-01
  8.5234e+00 8.5234e+00 8.5234e+00 1.1444e-04 1.1444e-04 1.1444e-04
  8.5000e+00 1.1444e-04 1.1444e-04 7.1631e-01 1.1444e-04 7.1387e-01
  1.1444e-04 1.1444e-04 1.1444e-04 1.1444e-04 1.1444e-04 1.1444e-04
  1.1444e-04 1.1444e-04 0.0000e+00 0.0000e+00 0.0000e+00]]; [0.]
5; [[0.6084 9.81   0.     0.3674 0.3674 0.608  0.0231 0.3674 9.35   7.14
  9.42   0.264  8.375  8.4    8.4    0.     0.     0.0231 8.414  0.
  0.     0.3674 0.     0.3674 0.     0.     0.     0.     0.     0.
  0.     0.     0.     0.     0.    ]]; [0.]
6; [[4.7461e-01 1.1594e+01 1.4305e-04 1.4305e-04 1.4305e-04 4.7461e-01
  1.4305e-04 1.4305e-04 1.1766e+01 9.1094e+00 1.1781e+01 4.7461e-01
  1.0406e+01 1.0406e+01 1.0406e+01 1.4305e-04 1.4305e-04 1.4305e-04
  1.0398e+01 1.4305e-04 1.4305e-04 1.4305e-04 1.4305e-04 1.4305e-04
  1.4305e-04 1.4305e-04 1.4305e-04 1.4305e-04 1.4305e-04 1.4305e-04
  1.4305e-04 1.4305e-04 0.0000e+00 0.0000e+00 0.0000e+00]]; [0.]
7; [[ 0.3206 12.66    0.      0.      0.      0.321   0.      0.     11.7
   9.44   11.73    0.321  10.375  10.375  10.375   0.      0.      0.
  10.38    0.      0.      0.      0.      0.      0.      0.      0.
   0.      0.      0.      0.      0.      0.      0.      0.    ]]; [0.]
8; [[4.2041e-01 9.4297e+00 1.1444e-04 1.1444e-04 1.1444e-04 4.2017e-01
  1.1444e-04 1.1444e-04 9.3906e+00 7.9062e+00 9.4062e+00 4.2017e-01
  8.4766e+00 8.4766e+00 8.4766e+00 1.1444e-04 1.1444e-04 1.1444e-04
  8.4766e+00 1.1444e-04 1.1444e-04 1.1444e-04 1.1444e-04 1.1444e-04
  1.1444e-04 1.1444e-04 1.1444e-04 1.1444e-04 1.1444e-04 1.1444e-04
  1.1444e-04 1.1444e-04 0.0000e+00 0.0000e+00 0.0000e+00]]; [0.]
9; [[4.2041e-01 9.4297e+00 1.1444e-04 1.1444e-04 1.1444e-04 4.2017e-01
  1.1444e-04 1.1444e-04 9.3906e+00 7.9062e+00 9.4062e+00 4.2017e-01
  8.4766e+00 8.4766e+00 8.4766e+00 1.1444e-04 1.1444e-04 1.1444e-04
  8.4766e+00 1.1444e-04 1.1444e-04 1.1444e-04 1.1444e-04 1.1444e-04
  1.1444e-04 1.1444e-04 1.1444e-04 1.1444e-04 1.1444e-04 1.1444e-04
  1.1444e-04 1.1444e-04 0.0000e+00 0.0000e+00 0.0000e+00]]; [0.]
10; [[4.2041e-01 9.4297e+00 1.1444e-04 1.1444e-04 1.1444e-04 4.2017e-01
  1.1444e-04 1.1444e-04 9.3906e+00 7.9062e+00 9.4062e+00 4.2017e-01
  8.4766e+00 8.4766e+00 8.4766e+00 1.1444e-04 1.1444e-04 1.1444e-04
  8.4766e+00 1.1444e-04 1.1444e-04 1.1444e-04 1.1444e-04 1.1444e-04
  1.1444e-04 1.1444e-04 1.1444e-04 1.1444e-04 1.1444e-04 1.1444e-04
  1.1444e-04 1.1444e-04 0.0000e+00 0.0000e+00 0.0000e+00]]; [0.]
11; [[4.2041e-01 9.4297e+00 1.1444e-04 1.1444e-04 1.1444e-04 4.2017e-01
  1.1444e-04 1.1444e-04 9.3906e+00 7.9062e+00 9.4062e+00 4.2017e-01
  8.4766e+00 8.4766e+00 8.4766e+00 1.1444e-04 1.1444e-04 1.1444e-04
  8.4766e+00 1.1444e-04 1.1444e-04 1.1444e-04 1.1444e-04 1.1444e-04
  1.1444e-04 1.1444e-04 1.1444e-04 1.1444e-04 1.1444e-04 1.1444e-04
  1.1444e-04 1.1444e-04 0.0000e+00 0.0000e+00 0.0000e+00]]; [0.]
12; [[4.2041e-01 9.4297e+00 1.1444e-04 1.1444e-04 1.1444e-04 4.2017e-01
  1.1444e-04 1.1444e-04 9.3906e+00 7.9062e+00 9.4062e+00 4.2017e-01
  8.4766e+00 8.4766e+00 8.4766e+00 1.1444e-04 1.1444e-04 1.1444e-04
  8.4766e+00 1.1444e-04 1.1444e-04 1.1444e-04 1.1444e-04 1.1444e-04
  1.1444e-04 1.1444e-04 1.1444e-04 1.1444e-04 1.1444e-04 1.1444e-04
  1.1444e-04 1.1444e-04 0.0000e+00 0.0000e+00 0.0000e+00]]; [0.]
13; [[4.2041e-01 9.4297e+00 1.1444e-04 1.1444e-04 1.1444e-04 4.2017e-01
  1.1444e-04 1.1444e-04 9.3906e+00 7.9062e+00 9.4062e+00 4.2017e-01
  8.4766e+00 8.4766e+00 8.4766e+00 1.1444e-04 1.1444e-04 1.1444e-04
  8.4766e+00 1.1444e-04 1.1444e-04 1.1444e-04 1.1444e-04 1.1444e-04
  1.1444e-04 1.1444e-04 1.1444e-04 1.1444e-04 1.1444e-04 1.1444e-04
  1.1444e-04 1.1444e-04 0.0000e+00 0.0000e+00 0.0000e+00]]; [0.]
14; [[0.2045 9.43   0.     0.     0.     0.2039 0.     0.     9.14   7.727
  9.16   0.2039 8.195  8.195  8.195  0.     0.     0.     8.26   0.
  0.     0.     0.     0.     0.     0.     0.     0.     0.     0.
  0.     0.     0.     0.     0.    ]]; [0.]
15; [[4.9805e-01 1.2203e+01 1.4305e-04 1.9958e-02 1.9958e-02 5.4248e-01
  1.4305e-04 1.4305e-04 1.1844e+01 1.0133e+01 1.1836e+01 5.4248e-01
  1.0484e+01 1.0484e+01 1.0484e+01 1.4305e-04 1.4305e-04 1.4305e-04
  1.0484e+01 1.4305e-04 1.4305e-04 1.4305e-04 1.4305e-04 1.4305e-04
  1.4305e-04 1.4305e-04 1.4305e-04 1.4305e-04 1.4305e-04 1.4305e-04
  1.4305e-04 1.4305e-04 0.0000e+00 0.0000e+00 0.0000e+00]]; [0.]
16; [[ 0.4517 11.8     0.      0.0231  0.0231  0.4944  0.      0.     11.76
  10.125  11.78    0.4944 10.27   10.27   10.27    0.      0.      0.
  10.25    0.      0.      0.      0.      0.      0.      0.      0.
   0.      0.      0.      0.      0.      0.      0.      0.    ]]; [0.]
17; [[3.1787e-01 9.3906e+00 1.1444e-04 1.1444e-04 1.1444e-04 3.1616e-01
  1.1444e-04 1.1444e-04 9.4062e+00 8.1328e+00 9.4141e+00 3.1616e-01
  8.2031e+00 8.2031e+00 8.2031e+00 1.1444e-04 1.1444e-04 1.1444e-04
  8.2031e+00 1.1444e-04 1.1444e-04 1.1444e-04 1.1444e-04 1.1444e-04
  1.1444e-04 1.1444e-04 1.1444e-04 1.1444e-04 1.1444e-04 1.1444e-04
  1.1444e-04 1.1444e-04 0.0000e+00 0.0000e+00 0.0000e+00]]; [0.]
18; [[ 0.3389 12.34    0.      0.      0.      0.3408  0.      0.     11.6
  10.13   11.445   0.3408  9.95    9.95    9.95    0.      0.      0.
   9.95    0.      0.      0.      0.      0.      0.      0.      0.
   0.      0.      0.      0.      0.      0.      0.      0.    ]]; [0.]
19; [[ 0.3389 12.34    0.      0.      0.      0.3408  0.      0.     11.6
  10.13   11.445   0.3408  9.95    9.95    9.95    0.      0.      0.
   9.95    0.      0.      0.      0.      0.      0.      0.      0.
   0.      0.      0.      0.      0.      0.      0.      0.    ]]; [0.]
20; [[2.0886e-01 9.5625e+00 1.1444e-04 1.1444e-04 1.1444e-04 2.0874e-01
  1.1444e-04 1.1444e-04 9.3672e+00 8.1797e+00 9.4141e+00 2.0874e-01
  8.0156e+00 8.0156e+00 8.0156e+00 1.1444e-04 1.1444e-04 1.1444e-04
  8.0156e+00 1.1444e-04 1.1444e-04 1.1444e-04 1.1444e-04 1.1444e-04
  1.1444e-04 1.1444e-04 1.1444e-04 1.1444e-04 1.1444e-04 1.1444e-04
  1.1444e-04 1.1444e-04 0.0000e+00 0.0000e+00 0.0000e+00]]; [0.]
21; [[ 0.305  12.72    0.      0.      0.      0.3047  0.      0.     11.766
  10.164  11.78    0.3047 10.16   10.16   10.16    0.      0.      0.
  10.16    0.      0.      0.      0.      0.      0.      0.      0.
   0.      0.      0.      0.      0.      0.      0.      0.    ]]; [0.]
22; [[4.7852e-01 1.1539e+01 1.4305e-04 1.4305e-04 1.4305e-04 4.7778e-01
  1.4305e-04 1.4305e-04 1.1766e+01 1.0039e+01 1.1828e+01 4.7803e-01
  1.0312e+01 1.0312e+01 1.0312e+01 1.4305e-04 1.4305e-04 1.4305e-04
  1.0375e+01 1.4305e-04 1.4305e-04 1.4305e-04 1.4305e-04 1.4305e-04
  1.4305e-04 1.4305e-04 1.4305e-04 1.4305e-04 1.4305e-04 1.4305e-04
  1.4305e-04 1.4305e-04 0.0000e+00 0.0000e+00 0.0000e+00]]; [0.]
23; [[0.2119 9.68   0.     0.     0.     0.2098 0.     0.     9.39   8.07
  9.44   0.2098 8.16   8.16   8.16   0.     0.     0.     8.16   0.
  0.     0.     0.     0.     0.     0.     0.     0.     0.     0.
  0.     0.     0.     0.     0.    ]]; [0.]
24; [[5.146e-01 1.123e+01 0.000e+00 5.775e-03 5.775e-03 5.171e-01 0.000e+00
  0.000e+00 1.175e+01 1.017e+01 1.178e+01 5.166e-01 1.028e+01 1.028e+01
  1.028e+01 0.000e+00 0.000e+00 0.000e+00 1.026e+01 0.000e+00 0.000e+00
  0.000e+00 0.000e+00 0.000e+00 0.000e+00 0.000e+00 0.000e+00 0.000e+00
  0.000e+00 0.000e+00 0.000e+00 0.000e+00 0.000e+00 0.000e+00 0.000e+00]]; [0.]
25; [[5.146e-01 1.123e+01 0.000e+00 5.775e-03 5.775e-03 5.171e-01 0.000e+00
  0.000e+00 1.175e+01 1.017e+01 1.178e+01 5.166e-01 1.028e+01 1.028e+01
  1.028e+01 0.000e+00 0.000e+00 0.000e+00 1.026e+01 0.000e+00 0.000e+00
  0.000e+00 0.000e+00 0.000e+00 0.000e+00 0.000e+00 0.000e+00 0.000e+00
  0.000e+00 0.000e+00 0.000e+00 0.000e+00 0.000e+00 0.000e+00 0.000e+00]]; [0.]
26; [[0.273 9.625 0.    0.    0.    0.277 0.    0.    9.414 8.37  9.43  0.277
  8.65  8.65  8.65  0.    0.    0.    8.664 0.    0.    0.    0.    0.
  0.    0.    0.    0.    0.    0.    0.    0.    0.    0.    0.   ]]; [0.]
27; [[0.273 9.625 0.    0.    0.    0.277 0.    0.    9.414 8.37  9.43  0.277
  8.65  8.65  8.65  0.    0.    0.    8.664 0.    0.    0.    0.    0.
  0.    0.    0.    0.    0.    0.    0.    0.    0.    0.    0.   ]]; [0.]
28; [[0.273 9.625 0.    0.    0.    0.277 0.    0.    9.414 8.37  9.43  0.277
  8.65  8.65  8.65  0.    0.    0.    8.664 0.    0.    0.    0.    0.
  0.    0.    0.    0.    0.    0.    0.    0.    0.    0.    0.   ]]; [0.]
29; [[0.273 9.625 0.    0.    0.    0.277 0.    0.    9.414 8.37  9.43  0.277
  8.65  8.65  8.65  0.    0.    0.    8.664 0.    0.    0.    0.    0.
  0.    0.    0.    0.    0.    0.    0.    0.    0.    0.    0.   ]]; [0.]
30; [[0.273 9.625 0.    0.    0.    0.277 0.    0.    9.414 8.37  9.43  0.277
  8.65  8.65  8.65  0.    0.    0.    8.664 0.    0.    0.    0.    0.
  0.    0.    0.    0.    0.    0.    0.    0.    0.    0.    0.   ]]; [0.]
31; [[0.2023 9.87   0.     0.     0.     0.2023 0.     0.     9.12   7.836
  9.11   0.2023 8.34   8.34   8.34   0.     0.     0.     8.34   0.
  0.     0.     0.     0.     0.     0.     0.     0.     0.     0.
  0.     0.     0.     0.     0.    ]]; [0.]
32; [[ 0.4465 11.74    0.      0.      0.      0.446   0.      0.     11.77
  10.47   11.79    0.446  10.16   10.16   10.16    0.      0.      0.
  10.164   0.      0.      0.      0.      0.      0.      0.      0.
   0.      0.      0.      0.      0.      0.      0.      0.    ]]; [0.]
33; [[0.2323 9.87   0.     0.     0.     0.2325 0.     0.     9.39   8.43
  9.42   0.2325 8.03   8.03   8.03   0.     0.     0.     8.03   0.
  0.     0.     0.     0.     0.     0.     0.     0.     0.     0.
  0.     0.     0.     0.     0.    ]]; [0.]
34; [[0.3545 9.59   0.     0.     0.     0.3547 0.     0.     9.3    7.613
  9.32   0.3547 8.12   8.12   8.12   0.     0.     0.     8.12   0.
  0.     0.     0.     0.     0.     0.     0.     0.     0.     0.
  0.     0.     0.     0.     0.    ]]; [0.]
35; [[0.3545 9.59   0.     0.     0.     0.3547 0.     0.     9.3    7.613
  9.32   0.3547 8.12   8.12   8.12   0.     0.     0.     8.12   0.
  0.     0.     0.     0.     0.     0.     0.     0.     0.     0.
  0.     0.     0.     0.     0.    ]]; [0.]
36; [[0.3545 9.59   0.     0.     0.     0.3547 0.     0.     9.3    7.613
  9.32   0.3547 8.12   8.12   8.12   0.     0.     0.     8.12   0.
  0.     0.     0.     0.     0.     0.     0.     0.     0.     0.
  0.     0.     0.     0.     0.    ]]; [0.]
37; [[0.3545 9.59   0.     0.     0.     0.3547 0.     0.     9.3    7.613
  9.32   0.3547 8.12   8.12   8.12   0.     0.     0.     8.12   0.
  0.     0.     0.     0.     0.     0.     0.     0.     0.     0.
  0.     0.     0.     0.     0.    ]]; [0.]
38; [[4.2676e-01 1.1398e+01 0.0000e+00 8.0109e-05 8.0109e-05 4.2529e-01
  0.0000e+00 0.0000e+00 1.1734e+01 9.5156e+00 1.1789e+01 4.2529e-01
  1.0242e+01 1.0242e+01 1.0242e+01 0.0000e+00 0.0000e+00 0.0000e+00
  1.0242e+01 0.0000e+00 0.0000e+00 0.0000e+00 0.0000e+00 0.0000e+00
  0.0000e+00 0.0000e+00 0.0000e+00 0.0000e+00 0.0000e+00 0.0000e+00
  0.0000e+00 0.0000e+00 0.0000e+00 0.0000e+00 0.0000e+00]]; [0.]
39; [[2.634e-01 1.207e+01 1.431e-04 1.431e-04 1.431e-04 2.615e-01 1.431e-04
  1.431e-04 1.174e+01 9.578e+00 1.180e+01 2.615e-01 1.021e+01 1.021e+01
  1.021e+01 1.431e-04 1.431e-04 1.431e-04 1.021e+01 1.431e-04 1.431e-04
  1.431e-04 1.431e-04 1.431e-04 1.431e-04 1.431e-04 1.431e-04 1.431e-04
  1.431e-04 1.431e-04 1.431e-04 1.431e-04 0.000e+00 0.000e+00 0.000e+00]]; [0.]
40; [[ 0.3684  12.05     0.       0.01733  0.01733  0.3782   0.       0.
  11.76     9.695   11.805    0.3782  10.1     10.1     10.1      0.
   0.       0.      10.1      0.       0.       0.       0.       0.
   0.       0.       0.       0.       0.       0.       0.       0.
   0.       0.       0.     ]]; [0.]
41; [[3.1323e-01 9.3203e+00 1.1444e-04 2.3376e-02 2.3376e-02 3.2324e-01
  1.1444e-04 1.1444e-04 9.2266e+00 7.7227e+00 9.1562e+00 3.2324e-01
  7.8516e+00 7.8516e+00 7.8516e+00 1.1444e-04 1.1444e-04 1.1444e-04
  7.8516e+00 1.1444e-04 1.1444e-04 1.1444e-04 1.1444e-04 1.1444e-04
  1.1444e-04 1.1444e-04 1.1444e-04 1.1444e-04 1.1444e-04 1.1444e-04
  1.1444e-04 1.1444e-04 0.0000e+00 0.0000e+00 0.0000e+00]]; [0.]
42; [[3.1323e-01 9.3203e+00 1.1444e-04 2.3376e-02 2.3376e-02 3.2324e-01
  1.1444e-04 1.1444e-04 9.2266e+00 7.7227e+00 9.1562e+00 3.2324e-01
  7.8516e+00 7.8516e+00 7.8516e+00 1.1444e-04 1.1444e-04 1.1444e-04
  7.8516e+00 1.1444e-04 1.1444e-04 1.1444e-04 1.1444e-04 1.1444e-04
  1.1444e-04 1.1444e-04 1.1444e-04 1.1444e-04 1.1444e-04 1.1444e-04
  1.1444e-04 1.1444e-04 0.0000e+00 0.0000e+00 0.0000e+00]]; [0.]
43; [[3.1323e-01 9.3203e+00 1.1444e-04 2.3376e-02 2.3376e-02 3.2324e-01
  1.1444e-04 1.1444e-04 9.2266e+00 7.7227e+00 9.1562e+00 3.2324e-01
  7.8516e+00 7.8516e+00 7.8516e+00 1.1444e-04 1.1444e-04 1.1444e-04
  7.8516e+00 1.1444e-04 1.1444e-04 1.1444e-04 1.1444e-04 1.1444e-04
  1.1444e-04 1.1444e-04 1.1444e-04 1.1444e-04 1.1444e-04 1.1444e-04
  1.1444e-04 1.1444e-04 0.0000e+00 0.0000e+00 0.0000e+00]]; [0.]
44; [[0.398 9.24  0.    0.    0.    0.398 0.    0.    9.37  8.24  9.38  0.398
  8.016 8.016 8.016 0.    0.    0.    8.01  0.    0.    0.    0.    0.
  0.    0.    0.    0.    0.    0.    0.    0.    0.    0.    0.   ]]; [0.]
45; [[0.398 9.24  0.    0.    0.    0.398 0.    0.    9.37  8.24  9.38  0.398
  8.016 8.016 8.016 0.    0.    0.    8.01  0.    0.    0.    0.    0.
  0.    0.    0.    0.    0.    0.    0.    0.    0.    0.    0.   ]]; [0.]
46; [[0.398 9.24  0.    0.    0.    0.398 0.    0.    9.37  8.24  9.38  0.398
  8.016 8.016 8.016 0.    0.    0.    8.01  0.    0.    0.    0.    0.
  0.    0.    0.    0.    0.    0.    0.    0.    0.    0.    0.   ]]; [0.]
47; [[0.398 9.24  0.    0.    0.    0.398 0.    0.    9.37  8.24  9.38  0.398
  8.016 8.016 8.016 0.    0.    0.    8.01  0.    0.    0.    0.    0.
  0.    0.    0.    0.    0.    0.    0.    0.    0.    0.    0.   ]]; [0.]
48; [[2.8955e-01 1.1938e+01 1.4305e-04 1.4305e-04 1.4305e-04 2.8955e-01
  1.4305e-04 1.4305e-04 1.1664e+01 9.6719e+00 1.1719e+01 2.8955e-01
  9.8984e+00 9.8984e+00 9.8984e+00 1.4305e-04 1.4305e-04 1.4305e-04
  9.9062e+00 1.4305e-04 1.4305e-04 1.4305e-04 1.4305e-04 1.4305e-04
  1.4305e-04 1.4305e-04 1.4305e-04 1.4305e-04 1.4305e-04 1.4305e-04
  1.4305e-04 1.4305e-04 0.0000e+00 0.0000e+00 0.0000e+00]]; [0.]
49; [[2.8955e-01 1.1938e+01 1.4305e-04 1.4305e-04 1.4305e-04 2.8955e-01
  1.4305e-04 1.4305e-04 1.1664e+01 9.6719e+00 1.1719e+01 2.8955e-01
  9.8984e+00 9.8984e+00 9.8984e+00 1.4305e-04 1.4305e-04 1.4305e-04
  9.9062e+00 1.4305e-04 1.4305e-04 1.4305e-04 1.4305e-04 1.4305e-04
  1.4305e-04 1.4305e-04 1.4305e-04 1.4305e-04 1.4305e-04 1.4305e-04
  1.4305e-04 1.4305e-04 0.0000e+00 0.0000e+00 0.0000e+00]]; [0.]
50; [[0.4492 9.06   0.     0.     0.     0.449  0.     0.     9.46   8.12
  9.48   0.449  8.52   8.52   8.52   0.     0.     0.     8.55   0.
  0.     0.     0.     0.     0.     0.     0.     0.     0.     0.
  0.     0.     0.     0.     0.    ]]; [0.]
51; [[0.4492 9.06   0.     0.     0.     0.449  0.     0.     9.46   8.12
  9.48   0.449  8.52   8.52   8.52   0.     0.     0.     8.55   0.
  0.     0.     0.     0.     0.     0.     0.     0.     0.     0.
  0.     0.     0.     0.     0.    ]]; [0.]
52; [[2.9224e-01 1.1867e+01 1.4305e-04 1.4305e-04 1.4305e-04 2.9175e-01
  1.4305e-04 1.4305e-04 1.1547e+01 9.7031e+00 1.1508e+01 2.9175e-01
  1.0414e+01 1.0414e+01 1.0414e+01 1.4305e-04 1.4305e-04 1.4305e-04
  1.0414e+01 1.4305e-04 1.4305e-04 1.4305e-04 1.4305e-04 1.4305e-04
  1.4305e-04 1.4305e-04 1.4305e-04 1.4305e-04 1.4305e-04 1.4305e-04
  1.4305e-04 1.4305e-04 0.0000e+00 0.0000e+00 0.0000e+00]]; [0.]
53; [[2.9224e-01 1.1867e+01 1.4305e-04 1.4305e-04 1.4305e-04 2.9175e-01
  1.4305e-04 1.4305e-04 1.1547e+01 9.7031e+00 1.1508e+01 2.9175e-01
  1.0414e+01 1.0414e+01 1.0414e+01 1.4305e-04 1.4305e-04 1.4305e-04
  1.0414e+01 1.4305e-04 1.4305e-04 1.4305e-04 1.4305e-04 1.4305e-04
  1.4305e-04 1.4305e-04 1.4305e-04 1.4305e-04 1.4305e-04 1.4305e-04
  1.4305e-04 1.4305e-04 0.0000e+00 0.0000e+00 0.0000e+00]]; [0.]
54; [[7.119e-01 1.232e+01 0.000e+00 8.011e-05 8.011e-05 7.114e-01 0.000e+00
  0.000e+00 1.181e+01 8.875e+00 1.183e+01 7.114e-01 1.064e+01 1.064e+01
  1.064e+01 0.000e+00 0.000e+00 0.000e+00 1.064e+01 0.000e+00 0.000e+00
  0.000e+00 0.000e+00 0.000e+00 0.000e+00 0.000e+00 0.000e+00 0.000e+00
  0.000e+00 0.000e+00 0.000e+00 0.000e+00 0.000e+00 0.000e+00 0.000e+00]]; [0.]
55; [[7.119e-01 1.232e+01 0.000e+00 8.011e-05 8.011e-05 7.114e-01 0.000e+00
  0.000e+00 1.181e+01 8.875e+00 1.183e+01 7.114e-01 1.064e+01 1.064e+01
  1.064e+01 0.000e+00 0.000e+00 0.000e+00 1.064e+01 0.000e+00 0.000e+00
  0.000e+00 0.000e+00 0.000e+00 0.000e+00 0.000e+00 0.000e+00 0.000e+00
  0.000e+00 0.000e+00 0.000e+00 0.000e+00 0.000e+00 0.000e+00 0.000e+00]]; [0.]
56; [[3.5254e-01 9.2500e+00 1.1444e-04 1.1444e-04 1.1444e-04 3.5278e-01
  1.1444e-04 1.1444e-04 9.3984e+00 7.4453e+00 9.4453e+00 3.5278e-01
  8.2656e+00 8.2656e+00 8.2656e+00 1.1444e-04 1.1444e-04 1.1444e-04
  8.2656e+00 1.1444e-04 1.1444e-04 1.1444e-04 1.1444e-04 1.1444e-04
  1.1444e-04 1.1444e-04 1.1444e-04 1.1444e-04 1.1444e-04 1.1444e-04
  1.1444e-04 1.1444e-04 0.0000e+00 0.0000e+00 0.0000e+00]]; [0.]
57; [[3.5254e-01 9.2500e+00 1.1444e-04 1.1444e-04 1.1444e-04 3.5278e-01
  1.1444e-04 1.1444e-04 9.3984e+00 7.4453e+00 9.4453e+00 3.5278e-01
  8.2656e+00 8.2656e+00 8.2656e+00 1.1444e-04 1.1444e-04 1.1444e-04
  8.2656e+00 1.1444e-04 1.1444e-04 1.1444e-04 1.1444e-04 1.1444e-04
  1.1444e-04 1.1444e-04 1.1444e-04 1.1444e-04 1.1444e-04 1.1444e-04
  1.1444e-04 1.1444e-04 0.0000e+00 0.0000e+00 0.0000e+00]]; [0.]
58; [[ 0.3354 12.32    0.      0.      0.      0.3354  0.      0.     11.71
   9.414  11.76    0.3354 10.445  10.445  10.445   0.      0.      0.
  10.445   0.      0.      0.      0.      0.      0.      0.      0.
   0.      0.      0.      0.      0.      0.      0.      0.    ]]; [0.]
59; [[5.8105e-01 1.0141e+01 1.1444e-04 1.7834e-04 1.7834e-04 5.8691e-01
  1.1444e-04 1.1444e-04 9.4297e+00 7.8164e+00 9.4375e+00 5.8691e-01
  8.5703e+00 8.5703e+00 8.5703e+00 1.1444e-04 1.1444e-04 1.1444e-04
  8.5703e+00 1.1444e-04 1.1444e-04 1.1444e-04 1.1444e-04 1.1444e-04
  1.1444e-04 1.1444e-04 1.1444e-04 1.1444e-04 1.1444e-04 1.1444e-04
  1.1444e-04 1.1444e-04 0.0000e+00 0.0000e+00 0.0000e+00]]; [0.]
60; [[2.4585e-01 8.5156e+00 0.0000e+00 1.0204e-04 1.0204e-04 2.4792e-01
  0.0000e+00 0.0000e+00 9.2500e+00 6.0273e+00 9.3047e+00 2.4792e-01
  8.5312e+00 8.5312e+00 8.5312e+00 0.0000e+00 0.0000e+00 0.0000e+00
  8.5391e+00 0.0000e+00 0.0000e+00 0.0000e+00 0.0000e+00 0.0000e+00
  0.0000e+00 0.0000e+00 0.0000e+00 0.0000e+00 0.0000e+00 0.0000e+00
  0.0000e+00 0.0000e+00 0.0000e+00 0.0000e+00 0.0000e+00]]; [0.]
61; [[5.0098e-01 1.2984e+01 1.4305e-04 1.4305e-04 1.4305e-04 5.0098e-01
  1.4305e-04 1.4305e-04 1.1633e+01 1.1633e+01 1.1531e+01 5.0098e-01
  9.6094e+00 9.6094e+00 9.6094e+00 1.4305e-04 1.4305e-04 1.4305e-04
  9.6094e+00 1.4305e-04 1.4305e-04 1.4305e-04 1.4305e-04 1.4305e-04
  1.4305e-04 1.4305e-04 1.4305e-04 1.4305e-04 1.4305e-04 1.4305e-04
  1.4305e-04 1.4305e-04 0.0000e+00 0.0000e+00 0.0000e+00]]; [0.]
62; [[0.5723 9.34   0.     0.     0.     0.5723 0.     0.     9.445  8.52
  9.45   0.5723 7.844  7.844  7.844  0.     0.     0.     7.844  0.
  0.     0.     0.     0.     0.     0.     0.     0.     0.     0.
  0.     0.     0.     0.     0.    ]]; [0.]
63; [[0.5723 9.34   0.     0.     0.     0.5723 0.     0.     9.445  8.52
  9.45   0.5723 7.844  7.844  7.844  0.     0.     0.     7.844  0.
  0.     0.     0.     0.     0.     0.     0.     0.     0.     0.
  0.     0.     0.     0.     0.    ]]; [0.]
64; [[0.5723 9.34   0.     0.     0.     0.5723 0.     0.     9.445  8.52
  9.45   0.5723 7.844  7.844  7.844  0.     0.     0.     7.844  0.
  0.     0.     0.     0.     0.     0.     0.     0.     0.     0.
  0.     0.     0.     0.     0.    ]]; [0.]
65; [[0.5723 9.34   0.     0.     0.     0.5723 0.     0.     9.445  8.52
  9.45   0.5723 7.844  7.844  7.844  0.     0.     0.     7.844  0.
  0.     0.     0.     0.     0.     0.     0.     0.     0.     0.
  0.     0.     0.     0.     0.    ]]; [0.]
66; [[0.5723 9.34   0.     0.     0.     0.5723 0.     0.     9.445  8.52
  9.45   0.5723 7.844  7.844  7.844  0.     0.     0.     7.844  0.
  0.     0.     0.     0.     0.     0.     0.     0.     0.     0.
  0.     0.     0.     0.     0.    ]]; [0.]
67; [[2.2437e-01 1.0266e+01 1.1444e-04 1.1444e-04 1.1444e-04 2.2302e-01
  1.1444e-04 1.1444e-04 9.4844e+00 5.9219e+00 9.4688e+00 2.2302e-01
  7.8398e+00 7.8398e+00 7.8398e+00 1.1444e-04 1.1444e-04 1.1444e-04
  7.8398e+00 1.1444e-04 1.1444e-04 1.1444e-04 1.1444e-04 1.1444e-04
  1.1444e-04 1.1444e-04 1.1444e-04 1.1444e-04 1.1444e-04 1.1444e-04
  1.1444e-04 1.1444e-04 0.0000e+00 0.0000e+00 0.0000e+00]]; [0.]
68; [[2.2437e-01 1.0266e+01 1.1444e-04 1.1444e-04 1.1444e-04 2.2302e-01
  1.1444e-04 1.1444e-04 9.4844e+00 5.9219e+00 9.4688e+00 2.2302e-01
  7.8398e+00 7.8398e+00 7.8398e+00 1.1444e-04 1.1444e-04 1.1444e-04
  7.8398e+00 1.1444e-04 1.1444e-04 1.1444e-04 1.1444e-04 1.1444e-04
  1.1444e-04 1.1444e-04 1.1444e-04 1.1444e-04 1.1444e-04 1.1444e-04
  1.1444e-04 1.1444e-04 0.0000e+00 0.0000e+00 0.0000e+00]]; [0.]
69; [[0.4792 9.53   0.     0.     0.     0.4792 0.     0.     9.46   4.906
  9.46   0.4792 7.965  7.965  7.965  0.     0.     0.     7.965  0.
  0.     0.     0.     0.     0.     0.     0.     0.     0.     0.
  0.     0.     0.     0.     0.    ]]; [0.]
70; [[0.4792 9.53   0.     0.     0.     0.4792 0.     0.     9.46   4.906
  9.46   0.4792 7.965  7.965  7.965  0.     0.     0.     7.965  0.
  0.     0.     0.     0.     0.     0.     0.     0.     0.     0.
  0.     0.     0.     0.     0.    ]]; [0.]
71; [[0.4792 9.53   0.     0.     0.     0.4792 0.     0.     9.46   4.906
  9.46   0.4792 7.965  7.965  7.965  0.     0.     0.     7.965  0.
  0.     0.     0.     0.     0.     0.     0.     0.     0.     0.
  0.     0.     0.     0.     0.    ]]; [0.]
72; [[ 0.393 11.45   0.     0.     0.     0.393  0.     0.    11.78   5.457
  11.78   0.393 10.01  10.01  10.01   0.     0.     0.    10.01   0.
   0.     0.     0.     0.     0.     0.     0.     0.     0.     0.
   0.     0.     0.     0.     0.   ]]; [0.]
73; [[2.0605e-01 9.6875e+00 1.1444e-04 1.1444e-04 1.1444e-04 2.0581e-01
  1.1444e-04 1.1444e-04 9.2812e+00 3.4141e+00 9.2734e+00 2.0593e-01
  7.8281e+00 7.8281e+00 7.8281e+00 1.1444e-04 1.1444e-04 1.1444e-04
  7.8281e+00 1.1444e-04 1.1444e-04 1.1444e-04 1.1444e-04 1.1444e-04
  1.1444e-04 1.1444e-04 1.1444e-04 1.1444e-04 1.1444e-04 1.1444e-04
  1.1444e-04 1.1444e-04 0.0000e+00 0.0000e+00 0.0000e+00]]; [0.]
74; [[3.965e-01 1.023e+01 0.000e+00 1.431e-04 1.431e-04 3.965e-01 0.000e+00
  0.000e+00 9.453e+00 3.564e+00 9.445e+00 3.965e-01 8.148e+00 8.148e+00
  8.148e+00 0.000e+00 0.000e+00 0.000e+00 8.148e+00 0.000e+00 0.000e+00
  0.000e+00 0.000e+00 0.000e+00 0.000e+00 0.000e+00 0.000e+00 0.000e+00
  0.000e+00 0.000e+00 0.000e+00 0.000e+00 0.000e+00 0.000e+00 0.000e+00]]; [0.]
75; [[0.4563  8.664   0.      0.02773 0.02773 0.4749  0.      0.      9.43
  3.373   9.44    0.4749  8.08    8.08    8.08    0.      0.      0.
  8.08    0.      0.      0.      0.      0.      0.      0.      0.
  0.      0.      0.      0.      0.      0.      0.      0.     ]]; [0.]
76; [[ 0.1995 10.266   0.      0.      0.      0.1995  0.      0.      9.06
   3.365   8.984   0.1995  7.766   7.766   7.766   0.      0.      0.
   7.75    0.      0.      0.      0.      0.      0.      0.      0.
   0.      0.      0.      0.      0.      0.      0.      0.    ]]; [0.]
77; [[ 0.587 11.47   0.     0.     0.     0.586  0.     0.    11.84   5.78
  11.84   0.586 10.234 10.234 10.234  0.     0.     0.    10.25   0.
   0.     0.     0.     0.     0.     0.     0.     0.     0.     0.
   0.     0.     0.     0.     0.   ]]; [0.]
78; [[ 0.4973 10.42    0.      0.      0.      0.4954  0.      0.     11.35
   5.645  11.28    0.4954  9.516   9.516   9.516   0.      0.      0.
   9.516   0.      0.      0.      0.      0.      0.      0.      0.
   0.      0.      0.      0.      0.      0.      0.      0.    ]]; [0.]
79; [[2.279e-01 9.711e+00 0.000e+00 3.563e-03 3.563e-03 2.277e-01 0.000e+00
  0.000e+00 9.078e+00 5.746e+00 9.031e+00 2.277e-01 7.547e+00 7.547e+00
  7.547e+00 0.000e+00 0.000e+00 0.000e+00 7.547e+00 0.000e+00 0.000e+00
  0.000e+00 0.000e+00 0.000e+00 0.000e+00 0.000e+00 0.000e+00 0.000e+00
  0.000e+00 0.000e+00 0.000e+00 0.000e+00 0.000e+00 0.000e+00 0.000e+00]]; [0.]
80; [[3.4375e-01 1.4516e+01 1.4305e-04 5.2643e-03 5.2643e-03 3.4326e-01
  1.4305e-04 1.4305e-04 1.1859e+01 1.0445e+01 1.1852e+01 3.4326e-01
  1.0266e+01 1.0266e+01 1.0266e+01 1.4305e-04 1.4305e-04 1.4305e-04
  1.0266e+01 1.4305e-04 1.4305e-04 1.4305e-04 1.4305e-04 1.4305e-04
  1.4305e-04 1.4305e-04 1.4305e-04 1.4305e-04 1.4305e-04 1.4305e-04
  1.4305e-04 1.4305e-04 0.0000e+00 0.0000e+00 0.0000e+00]]; [0.]
81; [[0.3047  7.516   0.      0.01758 0.01758 0.3083  0.      0.      8.164
  4.28    8.87    0.3083  4.637   4.637   4.637   0.      0.      0.
  4.637   0.      0.      0.      0.      0.      0.      0.      0.
  0.      0.      0.      0.      0.      0.      0.      0.     ]]; [0.]
82; [[0.3047  7.516   0.      0.01758 0.01758 0.3083  0.      0.      8.164
  4.28    8.87    0.3083  4.637   4.637   4.637   0.      0.      0.
  4.637   0.      0.      0.      0.      0.      0.      0.      0.
  0.      0.      0.      0.      0.      0.      0.      0.     ]]; [0.]
83; [[0.3047  7.516   0.      0.01758 0.01758 0.3083  0.      0.      8.164
  4.28    8.87    0.3083  4.637   4.637   4.637   0.      0.      0.
  4.637   0.      0.      0.      0.      0.      0.      0.      0.
  0.      0.      0.      0.      0.      0.      0.      0.     ]]; [0.]
84; [[0.0002403  0.00011444 0.00011444 0.00011444 0.00011444 0.00011444
  0.00011444 0.00011444 0.00011444 0.00011444 0.0002403  0.00011444
  0.00011444 0.00011444 0.00011444 0.00011444 0.00011444 0.00011444
  0.00011444 0.00011444 0.00011444 0.00011444 0.00011444 0.00011444
  0.00011444 0.00011444 0.00011444 0.00011444 0.00011444 0.00011444
  0.00011444 0.00011444 0.         0.         0.        ]]; [0.]
85; [[0.0002403  0.00011444 0.00011444 0.00011444 0.00011444 0.00011444
  0.00011444 0.00011444 0.00011444 0.00011444 0.0002403  0.00011444
  0.00011444 0.00011444 0.00011444 0.00011444 0.00011444 0.00011444
  0.00011444 0.00011444 0.00011444 0.00011444 0.00011444 0.00011444
  0.00011444 0.00011444 0.00011444 0.00011444 0.00011444 0.00011444
  0.00011444 0.00011444 0.         0.         0.        ]]; [0.]
86; [[0. 0. 0. 0. 0. 0. 0. 0. 0. 0. 0. 0. 0. 0. 0. 0. 0. 0. 0. 0. 0. 0. 0. 0.
  0. 0. 0. 0. 0. 0. 0. 0. 0. 0. 0.]]; [0.]
87; [[0.0002403  0.00011444 0.00011444 0.00011444 0.00011444 0.00011444
  0.00011444 0.00011444 0.00011444 0.00011444 0.0002403  0.00011444
  0.00011444 0.00011444 0.00011444 0.00011444 0.00011444 0.00011444
  0.00011444 0.00011444 0.00011444 0.00011444 0.00011444 0.00011444
  0.00011444 0.00011444 0.00011444 0.00011444 0.00011444 0.00011444
  0.00011444 0.00011444 0.         0.         0.        ]]; [0.]
88; [[0.0002403  0.00011444 0.00011444 0.00011444 0.00011444 0.00011444
  0.00011444 0.00011444 0.00011444 0.00011444 0.0002403  0.00011444
  0.00011444 0.00011444 0.00011444 0.00011444 0.00011444 0.00011444
  0.00011444 0.00011444 0.00011444 0.00011444 0.00011444 0.00011444
  0.00011444 0.00011444 0.00011444 0.00011444 0.00011444 0.00011444
  0.00011444 0.00011444 0.         0.         0.        ]]; [0.]
89; [[0.0003777 0.        0.        0.        0.        0.        0.
  0.        0.        0.        0.        0.        0.        0.
  0.        0.        0.        0.        0.        0.        0.
  0.        0.        0.        0.        0.        0.        0.
  0.        0.        0.        0.        0.        0.        0.       ]]; [0.]
90; [[0.0003052  0.00011444 0.00011444 0.00011444 0.00011444 0.00011444
  0.00011444 0.00011444 0.00011444 0.00011444 0.0002403  0.00011444
  0.00011444 0.00011444 0.00011444 0.00011444 0.00011444 0.00011444
  0.00011444 0.00011444 0.00011444 0.00011444 0.00011444 0.00011444
  0.00011444 0.00011444 0.00011444 0.00011444 0.00011444 0.00011444
  0.00011444 0.00011444 0.         0.         0.        ]]; [0.]
91; [[0. 0. 0. 0. 0. 0. 0. 0. 0. 0. 0. 0. 0. 0. 0. 0. 0. 0. 0. 0. 0. 0. 0. 0.
  0. 0. 0. 0. 0. 0. 0. 0. 0. 0. 0.]]; [0.]
92; [[0. 0. 0. 0. 0. 0. 0. 0. 0. 0. 0. 0. 0. 0. 0. 0. 0. 0. 0. 0. 0. 0. 0. 0.
  0. 0. 0. 0. 0. 0. 0. 0. 0. 0. 0.]]; [0.]
93; [[0.0003014 0.000143  0.000143  0.000143  0.000143  0.000143  0.000143
  0.000143  0.000143  0.000143  0.0003014 0.000143  0.000143  0.000143
  0.000143  0.000143  0.000143  0.000143  0.000143  0.000143  0.000143
  0.000143  0.000143  0.000143  0.000143  0.000143  0.000143  0.000143
  0.000143  0.000143  0.000143  0.000143  0.        0.        0.       ]]; [0.]
94; [[0. 0. 0. 0. 0. 0. 0. 0. 0. 0. 0. 0. 0. 0. 0. 0. 0. 0. 0. 0. 0. 0. 0. 0.
  0. 0. 0. 0. 0. 0. 0. 0. 0. 0. 0.]]; [0.]
95; [[0. 0. 0. 0. 0. 0. 0. 0. 0. 0. 0. 0. 0. 0. 0. 0. 0. 0. 0. 0. 0. 0. 0. 0.
  0. 0. 0. 0. 0. 0. 0. 0. 0. 0. 0.]]; [0.]
96; [[0.0003014 0.000143  0.000143  0.000143  0.000143  0.000143  0.000143
  0.000143  0.000143  0.000143  0.0003014 0.000143  0.000143  0.000143
  0.000143  0.000143  0.000143  0.000143  0.000143  0.000143  0.000143
  0.000143  0.000143  0.000143  0.000143  0.000143  0.000143  0.000143
  0.000143  0.000143  0.000143  0.000143  0.        0.        0.       ]]; [0.]
97; [[0.        0.0003014 0.        0.        0.        0.006607  0.
  0.        0.0003014 0.        0.0003014 0.006607  0.        0.
  0.        0.        0.        0.        0.        0.        0.
  0.        0.        0.        0.        0.        0.        0.
  0.        0.        0.        0.        0.        0.        0.       ]]; [0.]
98; [[0.0001278 0.0001278 0.        0.0001278 0.0001278 0.0001278 0.
  0.        0.0001278 0.        0.0001278 0.0001278 0.        0.
  0.        0.        0.        0.        0.        0.        0.
  0.        0.        0.        0.        0.        0.        0.
  0.        0.        0.        0.        0.        0.        0.       ]]; [0.]
99; [[0. 0. 0. 0. 0. 0. 0. 0. 0. 0. 0. 0. 0. 0. 0. 0. 0. 0. 0. 0. 0. 0. 0. 0.
  0. 0. 0. 0. 0. 0. 0. 0. 0. 0. 0.]]; [0.]
100; [[0. 0. 0. 0. 0. 0. 0. 0. 0. 0. 0. 0. 0. 0. 0. 0. 0. 0. 0. 0. 0. 0. 0. 0.
  0. 0. 0. 0. 0. 0. 0. 0. 0. 0. 0.]]; [0.]
101; [[0. 0. 0. 0. 0. 0. 0. 0. 0. 0. 0. 0. 0. 0. 0. 0. 0. 0. 0. 0. 0. 0. 0. 0.
  0. 0. 0. 0. 0. 0. 0. 0. 0. 0. 0.]]; [0.]
102; [[0. 0. 0. 0. 0. 0. 0. 0. 0. 0. 0. 0. 0. 0. 0. 0. 0. 0. 0. 0. 0. 0. 0. 0.
  0. 0. 0. 0. 0. 0. 0. 0. 0. 0. 0.]]; [0.]
103; [[0. 0. 0. 0. 0. 0. 0. 0. 0. 0. 0. 0. 0. 0. 0. 0. 0. 0. 0. 0. 0. 0. 0. 0.
  0. 0. 0. 0. 0. 0. 0. 0. 0. 0. 0.]]; [0.]
104; [[0. 0. 0. 0. 0. 0. 0. 0. 0. 0. 0. 0. 0. 0. 0. 0. 0. 0. 0. 0. 0. 0. 0. 0.
  0. 0. 0. 0. 0. 0. 0. 0. 0. 0. 0.]]; [0.]
105; [[0. 0. 0. 0. 0. 0. 0. 0. 0. 0. 0. 0. 0. 0. 0. 0. 0. 0. 0. 0. 0. 0. 0. 0.
  0. 0. 0. 0. 0. 0. 0. 0. 0. 0. 0.]]; [0.]
106; [[0. 0. 0. 0. 0. 0. 0. 0. 0. 0. 0. 0. 0. 0. 0. 0. 0. 0. 0. 0. 0. 0. 0. 0.
  0. 0. 0. 0. 0. 0. 0. 0. 0. 0. 0.]]; [0.]
107; [[0. 0. 0. 0. 0. 0. 0. 0. 0. 0. 0. 0. 0. 0. 0. 0. 0. 0. 0. 0. 0. 0. 0. 0.
  0. 0. 0. 0. 0. 0. 0. 0. 0. 0. 0.]]; [0.]
108; [[0. 0. 0. 0. 0. 0. 0. 0. 0. 0. 0. 0. 0. 0. 0. 0. 0. 0. 0. 0. 0. 0. 0. 0.
  0. 0. 0. 0. 0. 0. 0. 0. 0. 0. 0.]]; [0.]
109; [[0. 0. 0. 0. 0. 0. 0. 0. 0. 0. 0. 0. 0. 0. 0. 0. 0. 0. 0. 0. 0. 0. 0. 0.
  0. 0. 0. 0. 0. 0. 0. 0. 0. 0. 0.]]; [0.]
110; [[0. 0. 0. 0. 0. 0. 0. 0. 0. 0. 0. 0. 0. 0. 0. 0. 0. 0. 0. 0. 0. 0. 0. 0.
  0. 0. 0. 0. 0. 0. 0. 0. 0. 0. 0.]]; [0.]
111; [[0.0003014 0.000143  0.000143  0.000143  0.000143  0.000143  0.000143
  0.000143  0.000143  0.000143  0.0003014 0.000143  0.000143  0.000143
  0.000143  0.000143  0.000143  0.000143  0.000143  0.000143  0.000143
  0.000143  0.000143  0.000143  0.000143  0.000143  0.000143  0.000143
  0.000143  0.000143  0.000143  0.000143  0.        0.        0.       ]]; [0.]
112; [[0.0003014 0.000143  0.000143  0.000143  0.000143  0.000143  0.000143
  0.000143  0.000143  0.000143  0.0003014 0.000143  0.000143  0.000143
  0.000143  0.000143  0.000143  0.000143  0.000143  0.000143  0.000143
  0.000143  0.000143  0.000143  0.000143  0.000143  0.000143  0.000143
  0.000143  0.000143  0.000143  0.000143  0.        0.        0.       ]]; [0.]
113; [[0. 0. 0. 0. 0. 0. 0. 0. 0. 0. 0. 0. 0. 0. 0. 0. 0. 0. 0. 0. 0. 0. 0. 0.
  0. 0. 0. 0. 0. 0. 0. 0. 0. 0. 0.]]; [0.]
114; [[0.0003014 0.000143  0.000143  0.000143  0.000143  0.000143  0.000143
  0.000143  0.000143  0.000143  0.0003014 0.000143  0.000143  0.000143
  0.000143  0.000143  0.000143  0.000143  0.000143  0.000143  0.000143
  0.000143  0.000143  0.000143  0.000143  0.000143  0.000143  0.000143
  0.000143  0.000143  0.000143  0.000143  0.        0.        0.       ]]; [0.]
115; [[0. 0. 0. 0. 0. 0. 0. 0. 0. 0. 0. 0. 0. 0. 0. 0. 0. 0. 0. 0. 0. 0. 0. 0.
  0. 0. 0. 0. 0. 0. 0. 0. 0. 0. 0.]]; [0.]
116; [[0.0002403  0.00011444 0.00011444 0.00011444 0.00011444 0.00011444
  0.00011444 0.00011444 0.00011444 0.00011444 0.0002403  0.00011444
  0.00011444 0.00011444 0.00011444 0.00011444 0.00011444 0.00011444
  0.00011444 0.00011444 0.00011444 0.00011444 0.00011444 0.00011444
  0.00011444 0.00011444 0.00011444 0.00011444 0.00011444 0.00011444
  0.00011444 0.00011444 0.         0.         0.        ]]; [0.]
117; [[0. 0. 0. 0. 0. 0. 0. 0. 0. 0. 0. 0. 0. 0. 0. 0. 0. 0. 0. 0. 0. 0. 0. 0.
  0. 0. 0. 0. 0. 0. 0. 0. 0. 0. 0.]]; [0.]
118; [[0.0002403  0.00011444 0.00011444 0.00011444 0.00011444 0.00011444
  0.00011444 0.00011444 0.00011444 0.00011444 0.0002403  0.00011444
  0.00011444 0.00011444 0.00011444 0.00011444 0.00011444 0.00011444
  0.00011444 0.00011444 0.00011444 0.00011444 0.00011444 0.00011444
  0.00011444 0.00011444 0.00011444 0.00011444 0.00011444 0.00011444
  0.00011444 0.00011444 0.         0.         0.        ]]; [0.]
119; [[0. 0. 0. 0. 0. 0. 0. 0. 0. 0. 0. 0. 0. 0. 0. 0. 0. 0. 0. 0. 0. 0. 0. 0.
  0. 0. 0. 0. 0. 0. 0. 0. 0. 0. 0.]]; [0.]
120; [[0.0003014 0.000143  0.000143  0.000143  0.000143  0.000143  0.000143
  0.000143  0.000143  0.000143  0.0003014 0.000143  0.000143  0.000143
  0.000143  0.000143  0.000143  0.000143  0.000143  0.000143  0.000143
  0.000143  0.000143  0.000143  0.000143  0.000143  0.000143  0.000143
  0.000143  0.000143  0.000143  0.000143  0.        0.        0.       ]]; [0.]
121; [[0. 0. 0. 0. 0. 0. 0. 0. 0. 0. 0. 0. 0. 0. 0. 0. 0. 0. 0. 0. 0. 0. 0. 0.
  0. 0. 0. 0. 0. 0. 0. 0. 0. 0. 0.]]; [0.]
122; [[0.0003014 0.000143  0.000143  0.000143  0.000143  0.000143  0.000143
  0.000143  0.000143  0.000143  0.0003014 0.000143  0.000143  0.000143
  0.000143  0.000143  0.000143  0.000143  0.000143  0.000143  0.000143
  0.000143  0.000143  0.000143  0.000143  0.000143  0.000143  0.000143
  0.000143  0.000143  0.000143  0.000143  0.        0.        0.       ]]; [0.]
123; [[0. 0. 0. 0. 0. 0. 0. 0. 0. 0. 0. 0. 0. 0. 0. 0. 0. 0. 0. 0. 0. 0. 0. 0.
  0. 0. 0. 0. 0. 0. 0. 0. 0. 0. 0.]]; [0.]
124; [[0. 0. 0. 0. 0. 0. 0. 0. 0. 0. 0. 0. 0. 0. 0. 0. 0. 0. 0. 0. 0. 0. 0. 0.
  0. 0. 0. 0. 0. 0. 0. 0. 0. 0. 0.]]; [0.]
125; [[0. 0. 0. 0. 0. 0. 0. 0. 0. 0. 0. 0. 0. 0. 0. 0. 0. 0. 0. 0. 0. 0. 0. 0.
  0. 0. 0. 0. 0. 0. 0. 0. 0. 0. 0.]]; [0.]
126; [[0. 0. 0. 0. 0. 0. 0. 0. 0. 0. 0. 0. 0. 0. 0. 0. 0. 0. 0. 0. 0. 0. 0. 0.
  0. 0. 0. 0. 0. 0. 0. 0. 0. 0. 0.]]; [0.]
127; [[0. 0. 0. 0. 0. 0. 0. 0. 0. 0. 0. 0. 0. 0. 0. 0. 0. 0. 0. 0. 0. 0. 0. 0.
  0. 0. 0. 0. 0. 0. 0. 0. 0. 0. 0.]]; [0.]
128; [[0. 0. 0. 0. 0. 0. 0. 0. 0. 0. 0. 0. 0. 0. 0. 0. 0. 0. 0. 0. 0. 0. 0. 0.
  0. 0. 0. 0. 0. 0. 0. 0. 0. 0. 0.]]; [0.]
129; [[0. 0. 0. 0. 0. 0. 0. 0. 0. 0. 0. 0. 0. 0. 0. 0. 0. 0. 0. 0. 0. 0. 0. 0.
  0. 0. 0. 0. 0. 0. 0. 0. 0. 0. 0.]]; [0.]
130; [[0.0002403  0.00011444 0.00011444 0.00011444 0.00011444 0.00011444
  0.00011444 0.00011444 0.00011444 0.00011444 0.0002403  0.00011444
  0.00011444 0.00011444 0.00011444 0.00011444 0.00011444 0.00011444
  0.00011444 0.00011444 0.00011444 0.00011444 0.00011444 0.00011444
  0.00011444 0.00011444 0.00011444 0.00011444 0.00011444 0.00011444
  0.00011444 0.00011444 0.         0.         0.        ]]; [0.]
131; [[0. 0. 0. 0. 0. 0. 0. 0. 0. 0. 0. 0. 0. 0. 0. 0. 0. 0. 0. 0. 0. 0. 0. 0.
  0. 0. 0. 0. 0. 0. 0. 0. 0. 0. 0.]]; [0.]
132; [[0.0002403  0.00011444 0.00011444 0.00011444 0.00011444 0.00011444
  0.00011444 0.00011444 0.00011444 0.00011444 0.0002403  0.00011444
  0.00011444 0.00011444 0.00011444 0.00011444 0.00011444 0.00011444
  0.00011444 0.00011444 0.00011444 0.00011444 0.00011444 0.00011444
  0.00011444 0.00011444 0.00011444 0.00011444 0.00011444 0.00011444
  0.00011444 0.00011444 0.         0.         0.        ]]; [0.]
133; [[0. 0. 0. 0. 0. 0. 0. 0. 0. 0. 0. 0. 0. 0. 0. 0. 0. 0. 0. 0. 0. 0. 0. 0.
  0. 0. 0. 0. 0. 0. 0. 0. 0. 0. 0.]]; [0.]
134; [[0. 0. 0. 0. 0. 0. 0. 0. 0. 0. 0. 0. 0. 0. 0. 0. 0. 0. 0. 0. 0. 0. 0. 0.
  0. 0. 0. 0. 0. 0. 0. 0. 0. 0. 0.]]; [0.]
135; [[0. 0. 0. 0. 0. 0. 0. 0. 0. 0. 0. 0. 0. 0. 0. 0. 0. 0. 0. 0. 0. 0. 0. 0.
  0. 0. 0. 0. 0. 0. 0. 0. 0. 0. 0.]]; [0.]
136; [[0.0002403  0.00011444 0.00011444 0.00011444 0.00011444 0.00011444
  0.00011444 0.00011444 0.00011444 0.00011444 0.0002403  0.00011444
  0.00011444 0.00011444 0.00011444 0.00011444 0.00011444 0.00011444
  0.00011444 0.00011444 0.00011444 0.00011444 0.00011444 0.00011444
  0.00011444 0.00011444 0.00011444 0.00011444 0.00011444 0.00011444
  0.00011444 0.00011444 0.         0.         0.        ]]; [0.]
137; [[0.0002403  0.00011444 0.00011444 0.00011444 0.00011444 0.00011444
  0.00011444 0.00011444 0.00011444 0.00011444 0.0002403  0.00011444
  0.00011444 0.00011444 0.00011444 0.00011444 0.00011444 0.00011444
  0.00011444 0.00011444 0.00011444 0.00011444 0.00011444 0.00011444
  0.00011444 0.00011444 0.00011444 0.00011444 0.00011444 0.00011444
  0.00011444 0.00011444 0.         0.         0.        ]]; [0.]
138; [[0.0002403  0.00011444 0.00011444 0.00011444 0.00011444 0.00011444
  0.00011444 0.00011444 0.00011444 0.00011444 0.0002403  0.00011444
  0.00011444 0.00011444 0.00011444 0.00011444 0.00011444 0.00011444
  0.00011444 0.00011444 0.00011444 0.00011444 0.00011444 0.00011444
  0.00011444 0.00011444 0.00011444 0.00011444 0.00011444 0.00011444
  0.00011444 0.00011444 0.         0.         0.        ]]; [0.]
139; [[0. 0. 0. 0. 0. 0. 0. 0. 0. 0. 0. 0. 0. 0. 0. 0. 0. 0. 0. 0. 0. 0. 0. 0.
  0. 0. 0. 0. 0. 0. 0. 0. 0. 0. 0.]]; [0.]
140; [[0.0002403  0.00011444 0.00011444 0.00011444 0.00011444 0.00011444
  0.00011444 0.00011444 0.00011444 0.00011444 0.0002403  0.00011444
  0.00011444 0.00011444 0.00011444 0.00011444 0.00011444 0.00011444
  0.00011444 0.00011444 0.00011444 0.00011444 0.00011444 0.00011444
  0.00011444 0.00011444 0.00011444 0.00011444 0.00011444 0.00011444
  0.00011444 0.00011444 0.         0.         0.        ]]; [0.]
141; [[0.0002403  0.00011444 0.00011444 0.00011444 0.00011444 0.00011444
  0.00011444 0.00011444 0.00011444 0.00011444 0.0002403  0.00011444
  0.00011444 0.00011444 0.00011444 0.00011444 0.00011444 0.00011444
  0.00011444 0.00011444 0.00011444 0.00011444 0.00011444 0.00011444
  0.00011444 0.00011444 0.00011444 0.00011444 0.00011444 0.00011444
  0.00011444 0.00011444 0.         0.         0.        ]]; [0.]
142; [[0. 0. 0. 0. 0. 0. 0. 0. 0. 0. 0. 0. 0. 0. 0. 0. 0. 0. 0. 0. 0. 0. 0. 0.
  0. 0. 0. 0. 0. 0. 0. 0. 0. 0. 0.]]; [0.]
143; [[0.0002403  0.00011444 0.00011444 0.00011444 0.00011444 0.00011444
  0.00011444 0.00011444 0.00011444 0.00011444 0.0002403  0.00011444
  0.00011444 0.00011444 0.00011444 0.00011444 0.00011444 0.00011444
  0.00011444 0.00011444 0.00011444 0.00011444 0.00011444 0.00011444
  0.00011444 0.00011444 0.00011444 0.00011444 0.00011444 0.00011444
  0.00011444 0.00011444 0.         0.         0.        ]]; [0.]
144; [[0. 0. 0. 0. 0. 0. 0. 0. 0. 0. 0. 0. 0. 0. 0. 0. 0. 0. 0. 0. 0. 0. 0. 0.
  0. 0. 0. 0. 0. 0. 0. 0. 0. 0. 0.]]; [0.]
145; [[0.0003014 0.000143  0.000143  0.000143  0.000143  0.000143  0.000143
  0.000143  0.000143  0.000143  0.0003014 0.000143  0.000143  0.000143
  0.000143  0.000143  0.000143  0.000143  0.000143  0.000143  0.000143
  0.000143  0.000143  0.000143  0.000143  0.000143  0.000143  0.000143
  0.000143  0.000143  0.000143  0.000143  0.        0.        0.       ]]; [0.]
146; [[0. 0. 0. 0. 0. 0. 0. 0. 0. 0. 0. 0. 0. 0. 0. 0. 0. 0. 0. 0. 0. 0. 0. 0.
  0. 0. 0. 0. 0. 0. 0. 0. 0. 0. 0.]]; [0.]
147; [[0. 0. 0. 0. 0. 0. 0. 0. 0. 0. 0. 0. 0. 0. 0. 0. 0. 0. 0. 0. 0. 0. 0. 0.
  0. 0. 0. 0. 0. 0. 0. 0. 0. 0. 0.]]; [0.]
148; [[0. 0. 0. 0. 0. 0. 0. 0. 0. 0. 0. 0. 0. 0. 0. 0. 0. 0. 0. 0. 0. 0. 0. 0.
  0. 0. 0. 0. 0. 0. 0. 0. 0. 0. 0.]]; [0.]
149; [[0. 0. 0. 0. 0. 0. 0. 0. 0. 0. 0. 0. 0. 0. 0. 0. 0. 0. 0. 0. 0. 0. 0. 0.
  0. 0. 0. 0. 0. 0. 0. 0. 0. 0. 0.]]; [0.]
150; [[0. 0. 0. 0. 0. 0. 0. 0. 0. 0. 0. 0. 0. 0. 0. 0. 0. 0. 0. 0. 0. 0. 0. 0.
  0. 0. 0. 0. 0. 0. 0. 0. 0. 0. 0.]]; [0.]
151; [[0. 0. 0. 0. 0. 0. 0. 0. 0. 0. 0. 0. 0. 0. 0. 0. 0. 0. 0. 0. 0. 0. 0. 0.
  0. 0. 0. 0. 0. 0. 0. 0. 0. 0. 0.]]; [0.]
152; [[0. 0. 0. 0. 0. 0. 0. 0. 0. 0. 0. 0. 0. 0. 0. 0. 0. 0. 0. 0. 0. 0. 0. 0.
  0. 0. 0. 0. 0. 0. 0. 0. 0. 0. 0.]]; [0.]
153; [[0. 0. 0. 0. 0. 0. 0. 0. 0. 0. 0. 0. 0. 0. 0. 0. 0. 0. 0. 0. 0. 0. 0. 0.
  0. 0. 0. 0. 0. 0. 0. 0. 0. 0. 0.]]; [0.]
154; [[0.0002403  0.00011444 0.00011444 0.00011444 0.00011444 0.00011444
  0.00011444 0.00011444 0.00011444 0.00011444 0.0002403  0.00011444
  0.00011444 0.00011444 0.00011444 0.00011444 0.00011444 0.00011444
  0.00011444 0.00011444 0.00011444 0.00011444 0.00011444 0.00011444
  0.00011444 0.00011444 0.00011444 0.00011444 0.00011444 0.00011444
  0.00011444 0.00011444 0.         0.         0.        ]]; [0.]
155; [[0. 0. 0. 0. 0. 0. 0. 0. 0. 0. 0. 0. 0. 0. 0. 0. 0. 0. 0. 0. 0. 0. 0. 0.
  0. 0. 0. 0. 0. 0. 0. 0. 0. 0. 0.]]; [0.]
156; [[0.0002403  0.00011444 0.00011444 0.00011444 0.00011444 0.00011444
  0.00011444 0.00011444 0.00011444 0.00011444 0.0002403  0.00011444
  0.00011444 0.00011444 0.00011444 0.00011444 0.00011444 0.00011444
  0.00011444 0.00011444 0.00011444 0.00011444 0.00011444 0.000143
  0.00011444 0.00011444 0.00011444 0.00011444 0.00011444 0.000143
  0.000143   0.000143   0.         0.         0.        ]]; [0.]
157; [[0. 0. 0. 0. 0. 0. 0. 0. 0. 0. 0. 0. 0. 0. 0. 0. 0. 0. 0. 0. 0. 0. 0. 0.
  0. 0. 0. 0. 0. 0. 0. 0. 0. 0. 0.]]; [0.]
158; [[0.0002403  0.00011444 0.00011444 0.00011444 0.00011444 0.00011444
  0.00011444 0.00011444 0.00011444 0.00011444 0.0002403  0.00011444
  0.00011444 0.00011444 0.00011444 0.00011444 0.00011444 0.00011444
  0.00011444 0.00011444 0.00011444 0.00011444 0.00011444 0.00011444
  0.00011444 0.00011444 0.00011444 0.00011444 0.00011444 0.00011444
  0.00011444 0.00011444 0.         0.         0.        ]]; [0.]
159; [[0.0002403  0.00011444 0.00011444 0.00011444 0.00011444 0.00011444
  0.00011444 0.00011444 0.00011444 0.00011444 0.0002403  0.00011444
  0.00011444 0.00011444 0.00011444 0.00011444 0.00011444 0.00011444
  0.00011444 0.00011444 0.00011444 0.00011444 0.00011444 0.00011444
  0.00011444 0.00011444 0.00011444 0.00011444 0.00011444 0.00011444
  0.00011444 0.00011444 0.         0.         0.        ]]; [0.]
160; [[0.0002403  0.00011444 0.00011444 0.00011444 0.00011444 0.00011444
  0.00011444 0.00011444 0.00011444 0.00011444 0.0002403  0.00011444
  0.00011444 0.00011444 0.00011444 0.00011444 0.00011444 0.00011444
  0.00011444 0.00011444 0.00011444 0.00011444 0.00011444 0.00011444
  0.00011444 0.00011444 0.00011444 0.00011444 0.00011444 0.00011444
  0.00011444 0.00011444 0.         0.         0.        ]]; [0.]
161; [[0.0002403  0.00011444 0.00011444 0.00011444 0.00011444 0.00011444
  0.00011444 0.00011444 0.00011444 0.00011444 0.0002403  0.00011444
  0.00011444 0.00011444 0.00011444 0.00011444 0.00011444 0.00011444
  0.00011444 0.00011444 0.00011444 0.00011444 0.00011444 0.00011444
  0.00011444 0.00011444 0.00011444 0.00011444 0.00011444 0.00011444
  0.00011444 0.00011444 0.         0.         0.        ]]; [0.]
162; [[0. 0. 0. 0. 0. 0. 0. 0. 0. 0. 0. 0. 0. 0. 0. 0. 0. 0. 0. 0. 0. 0. 0. 0.
  0. 0. 0. 0. 0. 0. 0. 0. 0. 0. 0.]]; [0.]
163; [[0.0002403  0.00011444 0.00011444 0.00011444 0.00011444 0.00011444
  0.00011444 0.00011444 0.00011444 0.00011444 0.0002403  0.00011444
  0.00011444 0.00011444 0.00011444 0.00011444 0.00011444 0.00011444
  0.00011444 0.00011444 0.00011444 0.00011444 0.00011444 0.00011444
  0.00011444 0.00011444 0.00011444 0.00011444 0.00011444 0.00011444
  0.00011444 0.00011444 0.         0.         0.        ]]; [0.]
164; [[0.0002403  0.00011444 0.00011444 0.00011444 0.00011444 0.00011444
  0.00011444 0.00011444 0.00011444 0.00011444 0.0002403  0.00011444
  0.00011444 0.00011444 0.00011444 0.00011444 0.00011444 0.00011444
  0.00011444 0.00011444 0.00011444 0.00011444 0.00011444 0.00011444
  0.00011444 0.00011444 0.00011444 0.00011444 0.00011444 0.00011444
  0.00011444 0.00011444 0.         0.         0.        ]]; [0.]
165; [[0.0002403  0.00011444 0.00011444 0.00011444 0.00011444 0.00011444
  0.00011444 0.00011444 0.00011444 0.00011444 0.0002403  0.00011444
  0.00011444 0.00011444 0.00011444 0.00011444 0.00011444 0.00011444
  0.00011444 0.00011444 0.00011444 0.00011444 0.00011444 0.00011444
  0.00011444 0.00011444 0.00011444 0.00011444 0.00011444 0.00011444
  0.00011444 0.00011444 0.         0.         0.        ]]; [0.]
166; [[0. 0. 0. 0. 0. 0. 0. 0. 0. 0. 0. 0. 0. 0. 0. 0. 0. 0. 0. 0. 0. 0. 0. 0.
  0. 0. 0. 0. 0. 0. 0. 0. 0. 0. 0.]]; [0.]
167; [[0.0002403  0.00011444 0.00011444 0.00011444 0.00011444 0.00011444
  0.00011444 0.00011444 0.00011444 0.00011444 0.0002403  0.00011444
  0.00011444 0.00011444 0.00011444 0.00011444 0.00011444 0.00011444
  0.00011444 0.00011444 0.00011444 0.00011444 0.00011444 0.00011444
  0.00011444 0.00011444 0.00011444 0.00011444 0.00011444 0.00011444
  0.00011444 0.00011444 0.         0.         0.        ]]; [0.]
168; [[0. 0. 0. 0. 0. 0. 0. 0. 0. 0. 0. 0. 0. 0. 0. 0. 0. 0. 0. 0. 0. 0. 0. 0.
  0. 0. 0. 0. 0. 0. 0. 0. 0. 0. 0.]]; [0.]
169; [[0. 0. 0. 0. 0. 0. 0. 0. 0. 0. 0. 0. 0. 0. 0. 0. 0. 0. 0. 0. 0. 0. 0. 0.
  0. 0. 0. 0. 0. 0. 0. 0. 0. 0. 0.]]; [0.]
170; [[0.0003014 0.000143  0.000143  0.000143  0.000143  0.000143  0.000143
  0.000143  0.000143  0.000143  0.0003014 0.000143  0.000143  0.000143
  0.000143  0.000143  0.000143  0.000143  0.000143  0.000143  0.000143
  0.000143  0.000143  0.000143  0.000143  0.000143  0.000143  0.000143
  0.000143  0.000143  0.000143  0.000143  0.        0.        0.       ]]; [0.]
171; [[0. 0. 0. 0. 0. 0. 0. 0. 0. 0. 0. 0. 0. 0. 0. 0. 0. 0. 0. 0. 0. 0. 0. 0.
  0. 0. 0. 0. 0. 0. 0. 0. 0. 0. 0.]]; [0.]
172; [[0. 0. 0. 0. 0. 0. 0. 0. 0. 0. 0. 0. 0. 0. 0. 0. 0. 0. 0. 0. 0. 0. 0. 0.
  0. 0. 0. 0. 0. 0. 0. 0. 0. 0. 0.]]; [0.]
173; [[0. 0. 0. 0. 0. 0. 0. 0. 0. 0. 0. 0. 0. 0. 0. 0. 0. 0. 0. 0. 0. 0. 0. 0.
  0. 0. 0. 0. 0. 0. 0. 0. 0. 0. 0.]]; [0.]
174; [[0. 0. 0. 0. 0. 0. 0. 0. 0. 0. 0. 0. 0. 0. 0. 0. 0. 0. 0. 0. 0. 0. 0. 0.
  0. 0. 0. 0. 0. 0. 0. 0. 0. 0. 0.]]; [0.]
175; [[0. 0. 0. 0. 0. 0. 0. 0. 0. 0. 0. 0. 0. 0. 0. 0. 0. 0. 0. 0. 0. 0. 0. 0.
  0. 0. 0. 0. 0. 0. 0. 0. 0. 0. 0.]]; [0.]
176; [[0. 0. 0. 0. 0. 0. 0. 0. 0. 0. 0. 0. 0. 0. 0. 0. 0. 0. 0. 0. 0. 0. 0. 0.
  0. 0. 0. 0. 0. 0. 0. 0. 0. 0. 0.]]; [0.]
177; [[0. 0. 0. 0. 0. 0. 0. 0. 0. 0. 0. 0. 0. 0. 0. 0. 0. 0. 0. 0. 0. 0. 0. 0.
  0. 0. 0. 0. 0. 0. 0. 0. 0. 0. 0.]]; [0.]
178; [[0. 0. 0. 0. 0. 0. 0. 0. 0. 0. 0. 0. 0. 0. 0. 0. 0. 0. 0. 0. 0. 0. 0. 0.
  0. 0. 0. 0. 0. 0. 0. 0. 0. 0. 0.]]; [0.]
179; [[0. 0. 0. 0. 0. 0. 0. 0. 0. 0. 0. 0. 0. 0. 0. 0. 0. 0. 0. 0. 0. 0. 0. 0.
  0. 0. 0. 0. 0. 0. 0. 0. 0. 0. 0.]]; [0.]
180; [[0. 0. 0. 0. 0. 0. 0. 0. 0. 0. 0. 0. 0. 0. 0. 0. 0. 0. 0. 0. 0. 0. 0. 0.
  0. 0. 0. 0. 0. 0. 0. 0. 0. 0. 0.]]; [0.]
181; [[0. 0. 0. 0. 0. 0. 0. 0. 0. 0. 0. 0. 0. 0. 0. 0. 0. 0. 0. 0. 0. 0. 0. 0.
  0. 0. 0. 0. 0. 0. 0. 0. 0. 0. 0.]]; [0.]
182; [[0. 0. 0. 0. 0. 0. 0. 0. 0. 0. 0. 0. 0. 0. 0. 0. 0. 0. 0. 0. 0. 0. 0. 0.
  0. 0. 0. 0. 0. 0. 0. 0. 0. 0. 0.]]; [0.]
183; [[0.0002403  0.00011444 0.00011444 0.00011444 0.00011444 0.00011444
  0.00011444 0.00011444 0.00011444 0.00011444 0.0002403  0.00011444
  0.00011444 0.00011444 0.00011444 0.00011444 0.00011444 0.00011444
  0.00011444 0.00011444 0.00011444 0.00011444 0.00011444 0.00011444
  0.00011444 0.00011444 0.00011444 0.00011444 0.00011444 0.00011444
  0.00011444 0.00011444 0.         0.         0.        ]]; [0.]
184; [[0. 0. 0. 0. 0. 0. 0. 0. 0. 0. 0. 0. 0. 0. 0. 0. 0. 0. 0. 0. 0. 0. 0. 0.
  0. 0. 0. 0. 0. 0. 0. 0. 0. 0. 0.]]; [0.]
185; [[0. 0. 0. 0. 0. 0. 0. 0. 0. 0. 0. 0. 0. 0. 0. 0. 0. 0. 0. 0. 0. 0. 0. 0.
  0. 0. 0. 0. 0. 0. 0. 0. 0. 0. 0.]]; [0.]
186; [[0.0002403  0.00011444 0.00011444 0.00011444 0.00011444 0.00011444
  0.00011444 0.00011444 0.00011444 0.00011444 0.0002403  0.00011444
  0.00011444 0.00011444 0.00011444 0.00011444 0.00011444 0.00011444
  0.00011444 0.00011444 0.00011444 0.00011444 0.00011444 0.00011444
  0.00011444 0.00011444 0.00011444 0.00011444 0.00011444 0.00011444
  0.00011444 0.00011444 0.         0.         0.        ]]; [0.]
187; [[0. 0. 0. 0. 0. 0. 0. 0. 0. 0. 0. 0. 0. 0. 0. 0. 0. 0. 0. 0. 0. 0. 0. 0.
  0. 0. 0. 0. 0. 0. 0. 0. 0. 0. 0.]]; [0.]
188; [[0. 0. 0. 0. 0. 0. 0. 0. 0. 0. 0. 0. 0. 0. 0. 0. 0. 0. 0. 0. 0. 0. 0. 0.
  0. 0. 0. 0. 0. 0. 0. 0. 0. 0. 0.]]; [0.]
189; [[0.0002403  0.00011444 0.00011444 0.00011444 0.00011444 0.00011444
  0.00011444 0.00011444 0.00011444 0.00011444 0.0002403  0.00011444
  0.00011444 0.00011444 0.00011444 0.00011444 0.00011444 0.00011444
  0.00011444 0.00011444 0.00011444 0.00011444 0.00011444 0.00011444
  0.00011444 0.00011444 0.00011444 0.00011444 0.00011444 0.00011444
  0.00011444 0.00011444 0.         0.         0.        ]]; [0.]
190; [[0. 0. 0. 0. 0. 0. 0. 0. 0. 0. 0. 0. 0. 0. 0. 0. 0. 0. 0. 0. 0. 0. 0. 0.
  0. 0. 0. 0. 0. 0. 0. 0. 0. 0. 0.]]; [0.]
191; [[0. 0. 0. 0. 0. 0. 0. 0. 0. 0. 0. 0. 0. 0. 0. 0. 0. 0. 0. 0. 0. 0. 0. 0.
  0. 0. 0. 0. 0. 0. 0. 0. 0. 0. 0.]]; [0.]
192; [[0.0002403  0.00011444 0.00011444 0.00011444 0.00011444 0.00011444
  0.00011444 0.00011444 0.00011444 0.00011444 0.0002403  0.00011444
  0.00011444 0.00011444 0.00011444 0.00011444 0.00011444 0.00011444
  0.00011444 0.00011444 0.00011444 0.00011444 0.00011444 0.00011444
  0.00011444 0.00011444 0.00011444 0.00011444 0.00011444 0.00011444
  0.00011444 0.00011444 0.         0.         0.        ]]; [0.]
193; [[0.0002403  0.00011444 0.00011444 0.00011444 0.00011444 0.00011444
  0.00011444 0.00011444 0.00011444 0.00011444 0.0002403  0.00011444
  0.00011444 0.00011444 0.00011444 0.00011444 0.00011444 0.00011444
  0.00011444 0.00011444 0.00011444 0.00011444 0.00011444 0.00011444
  0.00011444 0.00011444 0.00011444 0.00011444 0.00011444 0.00011444
  0.00011444 0.00011444 0.         0.         0.        ]]; [0.]
194; [[0. 0. 0. 0. 0. 0. 0. 0. 0. 0. 0. 0. 0. 0. 0. 0. 0. 0. 0. 0. 0. 0. 0. 0.
  0. 0. 0. 0. 0. 0. 0. 0. 0. 0. 0.]]; [0.]
195; [[0.0003014 0.000143  0.000143  0.000143  0.000143  0.000143  0.000143
  0.000143  0.000143  0.000143  0.0003014 0.000143  0.000143  0.000143
  0.000143  0.000143  0.000143  0.000143  0.000143  0.000143  0.000143
  0.000143  0.000143  0.000143  0.000143  0.000143  0.000143  0.000143
  0.000143  0.000143  0.000143  0.000143  0.        0.        0.       ]]; [0.]
196; [[0. 0. 0. 0. 0. 0. 0. 0. 0. 0. 0. 0. 0. 0. 0. 0. 0. 0. 0. 0. 0. 0. 0. 0.
  0. 0. 0. 0. 0. 0. 0. 0. 0. 0. 0.]]; [0.]
197; [[0.0003014 0.000143  0.000143  0.000143  0.000143  0.000143  0.000143
  0.000143  0.000143  0.000143  0.0003014 0.000143  0.000143  0.000143
  0.000143  0.000143  0.000143  0.000143  0.000143  0.000143  0.000143
  0.000143  0.000143  0.000143  0.000143  0.000143  0.000143  0.000143
  0.000143  0.000143  0.000143  0.000143  0.        0.        0.       ]]; [0.]
198; [[0. 0. 0. 0. 0. 0. 0. 0. 0. 0. 0. 0. 0. 0. 0. 0. 0. 0. 0. 0. 0. 0. 0. 0.
  0. 0. 0. 0. 0. 0. 0. 0. 0. 0. 0.]]; [0.]
199; [[0. 0. 0. 0. 0. 0. 0. 0. 0. 0. 0. 0. 0. 0. 0. 0. 0. 0. 0. 0. 0. 0. 0. 0.
  0. 0. 0. 0. 0. 0. 0. 0. 0. 0. 0.]]; [0.]
200; [[0. 0. 0. 0. 0. 0. 0. 0. 0. 0. 0. 0. 0. 0. 0. 0. 0. 0. 0. 0. 0. 0. 0. 0.
  0. 0. 0. 0. 0. 0. 0. 0. 0. 0. 0.]]; [0.]
201; [[0. 0. 0. 0. 0. 0. 0. 0. 0. 0. 0. 0. 0. 0. 0. 0. 0. 0. 0. 0. 0. 0. 0. 0.
  0. 0. 0. 0. 0. 0. 0. 0. 0. 0. 0.]]; [0.]
202; [[0. 0. 0. 0. 0. 0. 0. 0. 0. 0. 0. 0. 0. 0. 0. 0. 0. 0. 0. 0. 0. 0. 0. 0.
  0. 0. 0. 0. 0. 0. 0. 0. 0. 0. 0.]]; [0.]
203; [[0. 0. 0. 0. 0. 0. 0. 0. 0. 0. 0. 0. 0. 0. 0. 0. 0. 0. 0. 0. 0. 0. 0. 0.
  0. 0. 0. 0. 0. 0. 0. 0. 0. 0. 0.]]; [0.]
204; [[0.0003014 0.000143  0.000143  0.000143  0.000143  0.000143  0.000143
  0.000143  0.000143  0.000143  0.0003014 0.000143  0.000143  0.000143
  0.000143  0.000143  0.000143  0.000143  0.000143  0.000143  0.000143
  0.000143  0.000143  0.000143  0.000143  0.000143  0.000143  0.000143
  0.000143  0.000143  0.000143  0.000143  0.        0.        0.       ]]; [0.]
205; [[0. 0. 0. 0. 0. 0. 0. 0. 0. 0. 0. 0. 0. 0. 0. 0. 0. 0. 0. 0. 0. 0. 0. 0.
  0. 0. 0. 0. 0. 0. 0. 0. 0. 0. 0.]]; [0.]
206; [[0.0002403  0.00011444 0.00011444 0.00011444 0.00011444 0.00011444
  0.00011444 0.00011444 0.00011444 0.00011444 0.0002403  0.00011444
  0.00011444 0.00011444 0.00011444 0.00011444 0.00011444 0.00011444
  0.00011444 0.00011444 0.00011444 0.00011444 0.00011444 0.00011444
  0.00011444 0.00011444 0.00011444 0.00011444 0.00011444 0.00011444
  0.00011444 0.00011444 0.         0.         0.        ]]; [0.]
207; [[0. 0. 0. 0. 0. 0. 0. 0. 0. 0. 0. 0. 0. 0. 0. 0. 0. 0. 0. 0. 0. 0. 0. 0.
  0. 0. 0. 0. 0. 0. 0. 0. 0. 0. 0.]]; [0.]
208; [[0. 0. 0. 0. 0. 0. 0. 0. 0. 0. 0. 0. 0. 0. 0. 0. 0. 0. 0. 0. 0. 0. 0. 0.
  0. 0. 0. 0. 0. 0. 0. 0. 0. 0. 0.]]; [0.]
209; [[0.0002403  0.00011444 0.00011444 0.00011444 0.00011444 0.00011444
  0.00011444 0.00011444 0.00011444 0.00011444 0.0002403  0.00011444
  0.00011444 0.00011444 0.00011444 0.00011444 0.00011444 0.00011444
  0.00011444 0.00011444 0.00011444 0.00011444 0.00011444 0.00011444
  0.00011444 0.00011444 0.00011444 0.00011444 0.00011444 0.00011444
  0.00011444 0.00011444 0.         0.         0.        ]]; [0.]
210; [[0. 0. 0. 0. 0. 0. 0. 0. 0. 0. 0. 0. 0. 0. 0. 0. 0. 0. 0. 0. 0. 0. 0. 0.
  0. 0. 0. 0. 0. 0. 0. 0. 0. 0. 0.]]; [0.]
211; [[0. 0. 0. 0. 0. 0. 0. 0. 0. 0. 0. 0. 0. 0. 0. 0. 0. 0. 0. 0. 0. 0. 0. 0.
  0. 0. 0. 0. 0. 0. 0. 0. 0. 0. 0.]]; [0.]
212; [[0.0002403  0.00011444 0.00011444 0.00011444 0.00011444 0.00011444
  0.00011444 0.00011444 0.00011444 0.00011444 0.0002403  0.00011444
  0.00011444 0.00011444 0.00011444 0.00011444 0.00011444 0.00011444
  0.00011444 0.00011444 0.00011444 0.00011444 0.00011444 0.00011444
  0.00011444 0.00011444 0.00011444 0.00011444 0.00011444 0.00011444
  0.00011444 0.00011444 0.         0.         0.        ]]; [0.]
213; [[0. 0. 0. 0. 0. 0. 0. 0. 0. 0. 0. 0. 0. 0. 0. 0. 0. 0. 0. 0. 0. 0. 0. 0.
  0. 0. 0. 0. 0. 0. 0. 0. 0. 0. 0.]]; [0.]
214; [[0.0003014 0.000143  0.000143  0.000143  0.000143  0.000143  0.000143
  0.000143  0.000143  0.000143  0.0003014 0.000143  0.000143  0.000143
  0.000143  0.000143  0.000143  0.000143  0.000143  0.000143  0.000143
  0.000143  0.000143  0.000143  0.000143  0.000143  0.000143  0.000143
  0.000143  0.000143  0.000143  0.000143  0.        0.        0.       ]]; [0.]
215; [[0. 0. 0. 0. 0. 0. 0. 0. 0. 0. 0. 0. 0. 0. 0. 0. 0. 0. 0. 0. 0. 0. 0. 0.
  0. 0. 0. 0. 0. 0. 0. 0. 0. 0. 0.]]; [0.]
216; [[0.0003014 0.000143  0.000143  0.000143  0.000143  0.000143  0.000143
  0.000143  0.000143  0.000143  0.0003014 0.000143  0.000143  0.000143
  0.000143  0.000143  0.000143  0.000143  0.000143  0.000143  0.000143
  0.000143  0.000143  0.000143  0.000143  0.000143  0.000143  0.000143
  0.000143  0.000143  0.000143  0.000143  0.        0.        0.       ]]; [0.]
217; [[0. 0. 0. 0. 0. 0. 0. 0. 0. 0. 0. 0. 0. 0. 0. 0. 0. 0. 0. 0. 0. 0. 0. 0.
  0. 0. 0. 0. 0. 0. 0. 0. 0. 0. 0.]]; [0.]
218; [[0. 0. 0. 0. 0. 0. 0. 0. 0. 0. 0. 0. 0. 0. 0. 0. 0. 0. 0. 0. 0. 0. 0. 0.
  0. 0. 0. 0. 0. 0. 0. 0. 0. 0. 0.]]; [0.]
219; [[0. 0. 0. 0. 0. 0. 0. 0. 0. 0. 0. 0. 0. 0. 0. 0. 0. 0. 0. 0. 0. 0. 0. 0.
  0. 0. 0. 0. 0. 0. 0. 0. 0. 0. 0.]]; [0.]
220; [[0. 0. 0. 0. 0. 0. 0. 0. 0. 0. 0. 0. 0. 0. 0. 0. 0. 0. 0. 0. 0. 0. 0. 0.
  0. 0. 0. 0. 0. 0. 0. 0. 0. 0. 0.]]; [0.]
221; [[0. 0. 0. 0. 0. 0. 0. 0. 0. 0. 0. 0. 0. 0. 0. 0. 0. 0. 0. 0. 0. 0. 0. 0.
  0. 0. 0. 0. 0. 0. 0. 0. 0. 0. 0.]]; [0.]
222; [[0. 0. 0. 0. 0. 0. 0. 0. 0. 0. 0. 0. 0. 0. 0. 0. 0. 0. 0. 0. 0. 0. 0. 0.
  0. 0. 0. 0. 0. 0. 0. 0. 0. 0. 0.]]; [0.]
223; [[0. 0. 0. 0. 0. 0. 0. 0. 0. 0. 0. 0. 0. 0. 0. 0. 0. 0. 0. 0. 0. 0. 0. 0.
  0. 0. 0. 0. 0. 0. 0. 0. 0. 0. 0.]]; [0.]
224; [[0. 0. 0. 0. 0. 0. 0. 0. 0. 0. 0. 0. 0. 0. 0. 0. 0. 0. 0. 0. 0. 0. 0. 0.
  0. 0. 0. 0. 0. 0. 0. 0. 0. 0. 0.]]; [0.]
225; [[0. 0. 0. 0. 0. 0. 0. 0. 0. 0. 0. 0. 0. 0. 0. 0. 0. 0. 0. 0. 0. 0. 0. 0.
  0. 0. 0. 0. 0. 0. 0. 0. 0. 0. 0.]]; [0.]
226; [[0. 0. 0. 0. 0. 0. 0. 0. 0. 0. 0. 0. 0. 0. 0. 0. 0. 0. 0. 0. 0. 0. 0. 0.
  0. 0. 0. 0. 0. 0. 0. 0. 0. 0. 0.]]; [0.]
227; [[0. 0. 0. 0. 0. 0. 0. 0. 0. 0. 0. 0. 0. 0. 0. 0. 0. 0. 0. 0. 0. 0. 0. 0.
  0. 0. 0. 0. 0. 0. 0. 0. 0. 0. 0.]]; [0.]
228; [[0. 0. 0. 0. 0. 0. 0. 0. 0. 0. 0. 0. 0. 0. 0. 0. 0. 0. 0. 0. 0. 0. 0. 0.
  0. 0. 0. 0. 0. 0. 0. 0. 0. 0. 0.]]; [0.]
229; [[0. 0. 0. 0. 0. 0. 0. 0. 0. 0. 0. 0. 0. 0. 0. 0. 0. 0. 0. 0. 0. 0. 0. 0.
  0. 0. 0. 0. 0. 0. 0. 0. 0. 0. 0.]]; [0.]
230; [[0. 0. 0. 0. 0. 0. 0. 0. 0. 0. 0. 0. 0. 0. 0. 0. 0. 0. 0. 0. 0. 0. 0. 0.
  0. 0. 0. 0. 0. 0. 0. 0. 0. 0. 0.]]; [0.]
231; [[0.0002403  0.00011444 0.00011444 0.00011444 0.00011444 0.00011444
  0.00011444 0.00011444 0.00011444 0.00011444 0.0002403  0.00011444
  0.00011444 0.00011444 0.00011444 0.00011444 0.00011444 0.00011444
  0.00011444 0.00011444 0.00011444 0.00011444 0.00011444 0.00011444
  0.00011444 0.00011444 0.00011444 0.00011444 0.00011444 0.00011444
  0.00011444 0.00011444 0.         0.         0.        ]]; [0.]
232; [[0. 0. 0. 0. 0. 0. 0. 0. 0. 0. 0. 0. 0. 0. 0. 0. 0. 0. 0. 0. 0. 0. 0. 0.
  0. 0. 0. 0. 0. 0. 0. 0. 0. 0. 0.]]; [0.]
233; [[0. 0. 0. 0. 0. 0. 0. 0. 0. 0. 0. 0. 0. 0. 0. 0. 0. 0. 0. 0. 0. 0. 0. 0.
  0. 0. 0. 0. 0. 0. 0. 0. 0. 0. 0.]]; [0.]
234; [[0. 0. 0. 0. 0. 0. 0. 0. 0. 0. 0. 0. 0. 0. 0. 0. 0. 0. 0. 0. 0. 0. 0. 0.
  0. 0. 0. 0. 0. 0. 0. 0. 0. 0. 0.]]; [0.]
235; [[0.0003014 0.000143  0.000143  0.000143  0.000143  0.000143  0.000143
  0.000143  0.000143  0.000143  0.0003014 0.000143  0.000143  0.000143
  0.000143  0.000143  0.000143  0.000143  0.000143  0.000143  0.000143
  0.000143  0.000143  0.000143  0.000143  0.000143  0.000143  0.000143
  0.000143  0.000143  0.000143  0.000143  0.        0.        0.       ]]; [0.]
236; [[0. 0. 0. 0. 0. 0. 0. 0. 0. 0. 0. 0. 0. 0. 0. 0. 0. 0. 0. 0. 0. 0. 0. 0.
  0. 0. 0. 0. 0. 0. 0. 0. 0. 0. 0.]]; [0.]
237; [[0. 0. 0. 0. 0. 0. 0. 0. 0. 0. 0. 0. 0. 0. 0. 0. 0. 0. 0. 0. 0. 0. 0. 0.
  0. 0. 0. 0. 0. 0. 0. 0. 0. 0. 0.]]; [0.]
238; [[0. 0. 0. 0. 0. 0. 0. 0. 0. 0. 0. 0. 0. 0. 0. 0. 0. 0. 0. 0. 0. 0. 0. 0.
  0. 0. 0. 0. 0. 0. 0. 0. 0. 0. 0.]]; [0.]
239; [[0.0003014 0.000143  0.000143  0.000143  0.000143  0.000143  0.000143
  0.000143  0.000143  0.000143  0.0003014 0.000143  0.000143  0.000143
  0.000143  0.000143  0.000143  0.000143  0.000143  0.000143  0.000143
  0.000143  0.000143  0.000143  0.000143  0.000143  0.000143  0.000143
  0.000143  0.000143  0.000143  0.000143  0.        0.        0.       ]]; [0.]
240; [[0.0003014 0.000143  0.000143  0.000143  0.000143  0.000143  0.000143
  0.000143  0.000143  0.000143  0.0003014 0.000143  0.000143  0.000143
  0.000143  0.000143  0.000143  0.000143  0.000143  0.000143  0.000143
  0.000143  0.000143  0.000143  0.000143  0.000143  0.000143  0.000143
  0.000143  0.000143  0.000143  0.000143  0.        0.        0.       ]]; [0.]
241; [[0.0003014 0.000143  0.000143  0.000143  0.000143  0.000143  0.000143
  0.000143  0.000143  0.000143  0.0003014 0.000143  0.000143  0.000143
  0.000143  0.000143  0.000143  0.000143  0.000143  0.000143  0.000143
  0.000143  0.000143  0.000143  0.000143  0.000143  0.000143  0.000143
  0.000143  0.000143  0.000143  0.000143  0.        0.        0.       ]]; [0.]
242; [[0.0003014 0.000143  0.000143  0.000143  0.000143  0.000143  0.000143
  0.000143  0.000143  0.000143  0.0003014 0.000143  0.000143  0.000143
  0.000143  0.000143  0.000143  0.000143  0.000143  0.000143  0.000143
  0.000143  0.000143  0.000143  0.000143  0.000143  0.000143  0.000143
  0.000143  0.000143  0.000143  0.000143  0.        0.        0.       ]]; [0.]
243; [[0. 0. 0. 0. 0. 0. 0. 0. 0. 0. 0. 0. 0. 0. 0. 0. 0. 0. 0. 0. 0. 0. 0. 0.
  0. 0. 0. 0. 0. 0. 0. 0. 0. 0. 0.]]; [0.]
244; [[0.0003014 0.000143  0.000143  0.000143  0.000143  0.000143  0.000143
  0.000143  0.000143  0.000143  0.0003014 0.000143  0.000143  0.000143
  0.000143  0.000143  0.000143  0.000143  0.000143  0.000143  0.000143
  0.000143  0.000143  0.000143  0.000143  0.000143  0.000143  0.000143
  0.000143  0.000143  0.000143  0.000143  0.        0.        0.       ]]; [0.]
245; [[0.0003014 0.000143  0.000143  0.000143  0.000143  0.000143  0.000143
  0.000143  0.000143  0.000143  0.0003014 0.000143  0.000143  0.000143
  0.000143  0.000143  0.000143  0.000143  0.000143  0.000143  0.000143
  0.000143  0.000143  0.000143  0.000143  0.000143  0.000143  0.000143
  0.000143  0.000143  0.000143  0.000143  0.        0.        0.       ]]; [0.]
246; [[0.0003014 0.000143  0.000143  0.000143  0.000143  0.000143  0.000143
  0.000143  0.000143  0.000143  0.0003014 0.000143  0.000143  0.000143
  0.000143  0.000143  0.000143  0.000143  0.000143  0.000143  0.000143
  0.000143  0.000143  0.000143  0.000143  0.000143  0.000143  0.000143
  0.000143  0.000143  0.000143  0.000143  0.        0.        0.       ]]; [0.]
247; [[0.0003014 0.000143  0.000143  0.000143  0.000143  0.000143  0.000143
  0.000143  0.000143  0.000143  0.0003014 0.000143  0.000143  0.000143
  0.000143  0.000143  0.000143  0.000143  0.000143  0.000143  0.000143
  0.000143  0.000143  0.000143  0.000143  0.000143  0.000143  0.000143
  0.000143  0.000143  0.000143  0.000143  0.        0.        0.       ]]; [0.]
248; [[0. 0. 0. 0. 0. 0. 0. 0. 0. 0. 0. 0. 0. 0. 0. 0. 0. 0. 0. 0. 0. 0. 0. 0.
  0. 0. 0. 0. 0. 0. 0. 0. 0. 0. 0.]]; [0.]
249; [[0.0003014 0.000143  0.000143  0.000143  0.000143  0.000143  0.000143
  0.000143  0.000143  0.000143  0.0003014 0.000143  0.000143  0.000143
  0.000143  0.000143  0.000143  0.000143  0.000143  0.000143  0.000143
  0.000143  0.000143  0.000143  0.000143  0.000143  0.000143  0.000143
  0.000143  0.000143  0.000143  0.000143  0.        0.        0.       ]]; [0.]
250; [[0. 0. 0. 0. 0. 0. 0. 0. 0. 0. 0. 0. 0. 0. 0. 0. 0. 0. 0. 0. 0. 0. 0. 0.
  0. 0. 0. 0. 0. 0. 0. 0. 0. 0. 0.]]; [0.]
251; [[0.0003014 0.000143  0.000143  0.000143  0.000143  0.000143  0.000143
  0.000143  0.000143  0.000143  0.0003014 0.000143  0.000143  0.000143
  0.000143  0.000143  0.000143  0.000143  0.000143  0.000143  0.000143
  0.000143  0.000143  0.000143  0.000143  0.000143  0.000143  0.000143
  0.000143  0.000143  0.000143  0.000143  0.        0.        0.       ]]; [0.]
252; [[0.0003014 0.000143  0.000143  0.000143  0.000143  0.000143  0.000143
  0.000143  0.000143  0.000143  0.0003014 0.000143  0.000143  0.000143
  0.000143  0.000143  0.000143  0.000143  0.000143  0.000143  0.000143
  0.000143  0.000143  0.000143  0.000143  0.000143  0.000143  0.000143
  0.000143  0.000143  0.000143  0.000143  0.        0.        0.       ]]; [0.]
253; [[0.0003014 0.000143  0.000143  0.000143  0.000143  0.000143  0.000143
  0.000143  0.000143  0.000143  0.0003014 0.000143  0.000143  0.000143
  0.000143  0.000143  0.000143  0.000143  0.000143  0.000143  0.000143
  0.000143  0.000143  0.000143  0.000143  0.000143  0.000143  0.000143
  0.000143  0.000143  0.000143  0.000143  0.        0.        0.       ]]; [0.]
254; [[0.0003014 0.000143  0.000143  0.000143  0.000143  0.000143  0.000143
  0.000143  0.000143  0.000143  0.0003014 0.000143  0.000143  0.000143
  0.000143  0.000143  0.000143  0.000143  0.000143  0.000143  0.000143
  0.000143  0.000143  0.000143  0.000143  0.000143  0.000143  0.000143
  0.000143  0.000143  0.000143  0.000143  0.        0.        0.       ]]; [0.]
255; [[0.0003014 0.000143  0.000143  0.000143  0.000143  0.000143  0.000143
  0.000143  0.000143  0.000143  0.0003014 0.000143  0.000143  0.000143
  0.000143  0.000143  0.000143  0.000143  0.000143  0.000143  0.000143
  0.000143  0.000143  0.000143  0.000143  0.000143  0.000143  0.000143
  0.000143  0.000143  0.000143  0.000143  0.        0.        0.       ]]; [0.]
256; [[0. 0. 0. 0. 0. 0. 0. 0. 0. 0. 0. 0. 0. 0. 0. 0. 0. 0. 0. 0. 0. 0. 0. 0.
  0. 0. 0. 0. 0. 0. 0. 0. 0. 0. 0.]]; [0.]
257; [[0. 0. 0. 0. 0. 0. 0. 0. 0. 0. 0. 0. 0. 0. 0. 0. 0. 0. 0. 0. 0. 0. 0. 0.
  0. 0. 0. 0. 0. 0. 0. 0. 0. 0. 0.]]; [0.]
258; [[0. 0. 0. 0. 0. 0. 0. 0. 0. 0. 0. 0. 0. 0. 0. 0. 0. 0. 0. 0. 0. 0. 0. 0.
  0. 0. 0. 0. 0. 0. 0. 0. 0. 0. 0.]]; [0.]
259; [[0. 0. 0. 0. 0. 0. 0. 0. 0. 0. 0. 0. 0. 0. 0. 0. 0. 0. 0. 0. 0. 0. 0. 0.
  0. 0. 0. 0. 0. 0. 0. 0. 0. 0. 0.]]; [0.]
260; [[0. 0. 0. 0. 0. 0. 0. 0. 0. 0. 0. 0. 0. 0. 0. 0. 0. 0. 0. 0. 0. 0. 0. 0.
  0. 0. 0. 0. 0. 0. 0. 0. 0. 0. 0.]]; [0.]
261; [[0. 0. 0. 0. 0. 0. 0. 0. 0. 0. 0. 0. 0. 0. 0. 0. 0. 0. 0. 0. 0. 0. 0. 0.
  0. 0. 0. 0. 0. 0. 0. 0. 0. 0. 0.]]; [0.]
262; [[0. 0. 0. 0. 0. 0. 0. 0. 0. 0. 0. 0. 0. 0. 0. 0. 0. 0. 0. 0. 0. 0. 0. 0.
  0. 0. 0. 0. 0. 0. 0. 0. 0. 0. 0.]]; [0.]
263; [[0. 0. 0. 0. 0. 0. 0. 0. 0. 0. 0. 0. 0. 0. 0. 0. 0. 0. 0. 0. 0. 0. 0. 0.
  0. 0. 0. 0. 0. 0. 0. 0. 0. 0. 0.]]; [0.]
264; [[0. 0. 0. 0. 0. 0. 0. 0. 0. 0. 0. 0. 0. 0. 0. 0. 0. 0. 0. 0. 0. 0. 0. 0.
  0. 0. 0. 0. 0. 0. 0. 0. 0. 0. 0.]]; [0.]
265; [[0. 0. 0. 0. 0. 0. 0. 0. 0. 0. 0. 0. 0. 0. 0. 0. 0. 0. 0. 0. 0. 0. 0. 0.
  0. 0. 0. 0. 0. 0. 0. 0. 0. 0. 0.]]; [0.]
266; [[0. 0. 0. 0. 0. 0. 0. 0. 0. 0. 0. 0. 0. 0. 0. 0. 0. 0. 0. 0. 0. 0. 0. 0.
  0. 0. 0. 0. 0. 0. 0. 0. 0. 0. 0.]]; [0.]
267; [[0. 0. 0. 0. 0. 0. 0. 0. 0. 0. 0. 0. 0. 0. 0. 0. 0. 0. 0. 0. 0. 0. 0. 0.
  0. 0. 0. 0. 0. 0. 0. 0. 0. 0. 0.]]; [0.]
268; [[0. 0. 0. 0. 0. 0. 0. 0. 0. 0. 0. 0. 0. 0. 0. 0. 0. 0. 0. 0. 0. 0. 0. 0.
  0. 0. 0. 0. 0. 0. 0. 0. 0. 0. 0.]]; [0.]
269; [[0. 0. 0. 0. 0. 0. 0. 0. 0. 0. 0. 0. 0. 0. 0. 0. 0. 0. 0. 0. 0. 0. 0. 0.
  0. 0. 0. 0. 0. 0. 0. 0. 0. 0. 0.]]; [0.]
270; [[0. 0. 0. 0. 0. 0. 0. 0. 0. 0. 0. 0. 0. 0. 0. 0. 0. 0. 0. 0. 0. 0. 0. 0.
  0. 0. 0. 0. 0. 0. 0. 0. 0. 0. 0.]]; [0.]
271; [[0.0003014 0.000143  0.000143  0.000143  0.000143  0.000143  0.000143
  0.000143  0.000143  0.000143  0.0003014 0.000143  0.000143  0.000143
  0.000143  0.000143  0.000143  0.000143  0.000143  0.000143  0.000143
  0.000143  0.000143  0.000143  0.000143  0.000143  0.000143  0.000143
  0.000143  0.000143  0.000143  0.000143  0.        0.        0.       ]]; [0.]
272; [[0. 0. 0. 0. 0. 0. 0. 0. 0. 0. 0. 0. 0. 0. 0. 0. 0. 0. 0. 0. 0. 0. 0. 0.
  0. 0. 0. 0. 0. 0. 0. 0. 0. 0. 0.]]; [0.]
273; [[0. 0. 0. 0. 0. 0. 0. 0. 0. 0. 0. 0. 0. 0. 0. 0. 0. 0. 0. 0. 0. 0. 0. 0.
  0. 0. 0. 0. 0. 0. 0. 0. 0. 0. 0.]]; [0.]
274; [[0. 0. 0. 0. 0. 0. 0. 0. 0. 0. 0. 0. 0. 0. 0. 0. 0. 0. 0. 0. 0. 0. 0. 0.
  0. 0. 0. 0. 0. 0. 0. 0. 0. 0. 0.]]; [0.]
275; [[0.0003014 0.000143  0.000143  0.000143  0.000143  0.000143  0.000143
  0.000143  0.000143  0.000143  0.0003014 0.000143  0.000143  0.000143
  0.000143  0.000143  0.000143  0.000143  0.000143  0.000143  0.000143
  0.000143  0.000143  0.000143  0.000143  0.000143  0.000143  0.000143
  0.000143  0.000143  0.000143  0.000143  0.        0.        0.       ]]; [0.]
276; [[0.0003014 0.000143  0.000143  0.000143  0.000143  0.000143  0.000143
  0.000143  0.000143  0.000143  0.0003014 0.000143  0.000143  0.000143
  0.000143  0.000143  0.000143  0.000143  0.000143  0.000143  0.000143
  0.000143  0.000143  0.000143  0.000143  0.000143  0.000143  0.000143
  0.000143  0.000143  0.000143  0.000143  0.        0.        0.       ]]; [0.]
277; [[0.0003014 0.000143  0.000143  0.000143  0.000143  0.000143  0.000143
  0.000143  0.000143  0.000143  0.0003014 0.000143  0.000143  0.000143
  0.000143  0.000143  0.000143  0.000143  0.000143  0.000143  0.000143
  0.000143  0.000143  0.000143  0.000143  0.000143  0.000143  0.000143
  0.000143  0.000143  0.000143  0.000143  0.        0.        0.       ]]; [0.]
278; [[0.0003014 0.000143  0.000143  0.000143  0.000143  0.000143  0.000143
  0.000143  0.000143  0.000143  0.0003014 0.000143  0.000143  0.000143
  0.000143  0.000143  0.000143  0.000143  0.000143  0.000143  0.000143
  0.000143  0.000143  0.000143  0.000143  0.000143  0.000143  0.000143
  0.000143  0.000143  0.000143  0.000143  0.        0.        0.       ]]; [0.]
279; [[0. 0. 0. 0. 0. 0. 0. 0. 0. 0. 0. 0. 0. 0. 0. 0. 0. 0. 0. 0. 0. 0. 0. 0.
  0. 0. 0. 0. 0. 0. 0. 0. 0. 0. 0.]]; [0.]
280; [[0. 0. 0. 0. 0. 0. 0. 0. 0. 0. 0. 0. 0. 0. 0. 0. 0. 0. 0. 0. 0. 0. 0. 0.
  0. 0. 0. 0. 0. 0. 0. 0. 0. 0. 0.]]; [0.]
281; [[0. 0. 0. 0. 0. 0. 0. 0. 0. 0. 0. 0. 0. 0. 0. 0. 0. 0. 0. 0. 0. 0. 0. 0.
  0. 0. 0. 0. 0. 0. 0. 0. 0. 0. 0.]]; [0.]
282; [[0. 0. 0. 0. 0. 0. 0. 0. 0. 0. 0. 0. 0. 0. 0. 0. 0. 0. 0. 0. 0. 0. 0. 0.
  0. 0. 0. 0. 0. 0. 0. 0. 0. 0. 0.]]; [0.]
283; [[0.0003014 0.000143  0.000143  0.000143  0.000143  0.000143  0.000143
  0.000143  0.000143  0.000143  0.0003014 0.000143  0.000143  0.000143
  0.000143  0.000143  0.000143  0.000143  0.000143  0.000143  0.000143
  0.000143  0.000143  0.000143  0.000143  0.000143  0.000143  0.000143
  0.000143  0.000143  0.000143  0.000143  0.        0.        0.       ]]; [0.]
284; [[0.0003014 0.000143  0.000143  0.000143  0.000143  0.000143  0.000143
  0.000143  0.000143  0.000143  0.0003014 0.000143  0.000143  0.000143
  0.000143  0.000143  0.000143  0.000143  0.000143  0.000143  0.000143
  0.000143  0.000143  0.000143  0.000143  0.000143  0.000143  0.000143
  0.000143  0.000143  0.000143  0.000143  0.        0.        0.       ]]; [0.]
285; [[0.0003014 0.000143  0.000143  0.000143  0.000143  0.000143  0.000143
  0.000143  0.000143  0.000143  0.0003014 0.000143  0.000143  0.000143
  0.000143  0.000143  0.000143  0.000143  0.000143  0.000143  0.000143
  0.000143  0.000143  0.000143  0.000143  0.000143  0.000143  0.000143
  0.000143  0.000143  0.000143  0.000143  0.        0.        0.       ]]; [0.]
286; [[0.0003014 0.000143  0.000143  0.000143  0.000143  0.000143  0.000143
  0.000143  0.000143  0.000143  0.0003014 0.000143  0.000143  0.000143
  0.000143  0.000143  0.000143  0.000143  0.000143  0.000143  0.000143
  0.000143  0.000143  0.000143  0.000143  0.000143  0.000143  0.000143
  0.000143  0.000143  0.000143  0.000143  0.        0.        0.       ]]; [0.]
287; [[0. 0. 0. 0. 0. 0. 0. 0. 0. 0. 0. 0. 0. 0. 0. 0. 0. 0. 0. 0. 0. 0. 0. 0.
  0. 0. 0. 0. 0. 0. 0. 0. 0. 0. 0.]]; [0.]
288; [[0.0003014 0.000143  0.000143  0.000143  0.000143  0.000143  0.000143
  0.000143  0.000143  0.000143  0.0003014 0.000143  0.000143  0.000143
  0.000143  0.000143  0.000143  0.000143  0.000143  0.000143  0.000143
  0.000143  0.000143  0.000143  0.000143  0.000143  0.000143  0.000143
  0.000143  0.000143  0.000143  0.000143  0.        0.        0.       ]]; [0.]
289; [[0. 0. 0. 0. 0. 0. 0. 0. 0. 0. 0. 0. 0. 0. 0. 0. 0. 0. 0. 0. 0. 0. 0. 0.
  0. 0. 0. 0. 0. 0. 0. 0. 0. 0. 0.]]; [0.]
290; [[0. 0. 0. 0. 0. 0. 0. 0. 0. 0. 0. 0. 0. 0. 0. 0. 0. 0. 0. 0. 0. 0. 0. 0.
  0. 0. 0. 0. 0. 0. 0. 0. 0. 0. 0.]]; [0.]
291; [[0.0003014 0.000143  0.000143  0.000143  0.000143  0.000143  0.000143
  0.000143  0.000143  0.000143  0.0003014 0.000143  0.0003014 0.000143
  0.000143  0.000143  0.000143  0.000143  0.000143  0.000143  0.000143
  0.000143  0.000143  0.000143  0.000143  0.000143  0.000143  0.000143
  0.000143  0.000143  0.0003014 0.000143  0.        0.        0.       ]]; [0.]
292; [[0.0003014 0.000143  0.000143  0.000143  0.000143  0.000143  0.000143
  0.000143  0.000143  0.000143  0.0003014 0.000143  0.0003014 0.000143
  0.000143  0.000143  0.000143  0.000143  0.000143  0.000143  0.000143
  0.000143  0.000143  0.000143  0.000143  0.000143  0.000143  0.000143
  0.000143  0.000143  0.0003014 0.000143  0.        0.        0.       ]]; [0.]
293; [[0.0003014 0.000143  0.000143  0.000143  0.000143  0.000143  0.000143
  0.000143  0.000143  0.000143  0.0003014 0.000143  0.0003014 0.000143
  0.000143  0.000143  0.000143  0.000143  0.000143  0.000143  0.000143
  0.000143  0.000143  0.000143  0.000143  0.000143  0.000143  0.000143
  0.000143  0.000143  0.0003014 0.000143  0.        0.        0.       ]]; [0.]
294; [[0.0003014 0.000143  0.000143  0.000143  0.000143  0.000143  0.000143
  0.000143  0.000143  0.000143  0.0003014 0.000143  0.0003014 0.000143
  0.000143  0.000143  0.000143  0.000143  0.000143  0.000143  0.000143
  0.000143  0.000143  0.000143  0.000143  0.000143  0.000143  0.000143
  0.000143  0.000143  0.0003014 0.000143  0.        0.        0.       ]]; [0.]
295; [[0.0003014 0.000143  0.000143  0.000143  0.000143  0.000143  0.000143
  0.000143  0.000143  0.000143  0.0003014 0.000143  0.0003014 0.000143
  0.000143  0.000143  0.000143  0.000143  0.000143  0.000143  0.000143
  0.000143  0.000143  0.000143  0.000143  0.000143  0.000143  0.000143
  0.000143  0.000143  0.0003014 0.000143  0.        0.        0.       ]]; [0.]
296; [[0. 0. 0. 0. 0. 0. 0. 0. 0. 0. 0. 0. 0. 0. 0. 0. 0. 0. 0. 0. 0. 0. 0. 0.
  0. 0. 0. 0. 0. 0. 0. 0. 0. 0. 0.]]; [0.]
297; [[0. 0. 0. 0. 0. 0. 0. 0. 0. 0. 0. 0. 0. 0. 0. 0. 0. 0. 0. 0. 0. 0. 0. 0.
  0. 0. 0. 0. 0. 0. 0. 0. 0. 0. 0.]]; [0.]
298; [[0.0003014 0.000143  0.000143  0.000143  0.000143  0.000143  0.000143
  0.000143  0.000143  0.000143  0.0003014 0.000143  0.000143  0.000143
  0.000143  0.000143  0.000143  0.000143  0.000143  0.000143  0.000143
  0.000143  0.000143  0.000143  0.000143  0.000143  0.000143  0.000143
  0.000143  0.000143  0.000143  0.000143  0.        0.        0.       ]]; [0.]
299; [[0.0003014 0.000143  0.000143  0.000143  0.000143  0.000143  0.000143
  0.000143  0.000143  0.000143  0.0003014 0.000143  0.000143  0.000143
  0.000143  0.000143  0.000143  0.000143  0.000143  0.000143  0.000143
  0.000143  0.000143  0.000143  0.000143  0.000143  0.000143  0.000143
  0.000143  0.000143  0.000143  0.000143  0.        0.        0.       ]]; [0.]
300; [[0.0003014 0.000143  0.000143  0.000143  0.000143  0.000143  0.000143
  0.000143  0.000143  0.000143  0.0003014 0.000143  0.000143  0.000143
  0.000143  0.000143  0.000143  0.000143  0.000143  0.000143  0.000143
  0.000143  0.000143  0.000143  0.000143  0.000143  0.000143  0.000143
  0.000143  0.000143  0.000143  0.000143  0.        0.        0.       ]]; [0.]
301; [[0. 0. 0. 0. 0. 0. 0. 0. 0. 0. 0. 0. 0. 0. 0. 0. 0. 0. 0. 0. 0. 0. 0. 0.
  0. 0. 0. 0. 0. 0. 0. 0. 0. 0. 0.]]; [0.]
302; [[0. 0. 0. 0. 0. 0. 0. 0. 0. 0. 0. 0. 0. 0. 0. 0. 0. 0. 0. 0. 0. 0. 0. 0.
  0. 0. 0. 0. 0. 0. 0. 0. 0. 0. 0.]]; [0.]
303; [[0. 0. 0. 0. 0. 0. 0. 0. 0. 0. 0. 0. 0. 0. 0. 0. 0. 0. 0. 0. 0. 0. 0. 0.
  0. 0. 0. 0. 0. 0. 0. 0. 0. 0. 0.]]; [0.]
304; [[0. 0. 0. 0. 0. 0. 0. 0. 0. 0. 0. 0. 0. 0. 0. 0. 0. 0. 0. 0. 0. 0. 0. 0.
  0. 0. 0. 0. 0. 0. 0. 0. 0. 0. 0.]]; [0.]
305; [[0. 0. 0. 0. 0. 0. 0. 0. 0. 0. 0. 0. 0. 0. 0. 0. 0. 0. 0. 0. 0. 0. 0. 0.
  0. 0. 0. 0. 0. 0. 0. 0. 0. 0. 0.]]; [0.]
306; [[0. 0. 0. 0. 0. 0. 0. 0. 0. 0. 0. 0. 0. 0. 0. 0. 0. 0. 0. 0. 0. 0. 0. 0.
  0. 0. 0. 0. 0. 0. 0. 0. 0. 0. 0.]]; [0.]
307; [[0. 0. 0. 0. 0. 0. 0. 0. 0. 0. 0. 0. 0. 0. 0. 0. 0. 0. 0. 0. 0. 0. 0. 0.
  0. 0. 0. 0. 0. 0. 0. 0. 0. 0. 0.]]; [0.]
308; [[0. 0. 0. 0. 0. 0. 0. 0. 0. 0. 0. 0. 0. 0. 0. 0. 0. 0. 0. 0. 0. 0. 0. 0.
  0. 0. 0. 0. 0. 0. 0. 0. 0. 0. 0.]]; [0.]
309; [[0. 0. 0. 0. 0. 0. 0. 0. 0. 0. 0. 0. 0. 0. 0. 0. 0. 0. 0. 0. 0. 0. 0. 0.
  0. 0. 0. 0. 0. 0. 0. 0. 0. 0. 0.]]; [0.]
310; [[0. 0. 0. 0. 0. 0. 0. 0. 0. 0. 0. 0. 0. 0. 0. 0. 0. 0. 0. 0. 0. 0. 0. 0.
  0. 0. 0. 0. 0. 0. 0. 0. 0. 0. 0.]]; [0.]
311; [[0. 0. 0. 0. 0. 0. 0. 0. 0. 0. 0. 0. 0. 0. 0. 0. 0. 0. 0. 0. 0. 0. 0. 0.
  0. 0. 0. 0. 0. 0. 0. 0. 0. 0. 0.]]; [0.]
312; [[0. 0. 0. 0. 0. 0. 0. 0. 0. 0. 0. 0. 0. 0. 0. 0. 0. 0. 0. 0. 0. 0. 0. 0.
  0. 0. 0. 0. 0. 0. 0. 0. 0. 0. 0.]]; [0.]
313; [[0. 0. 0. 0. 0. 0. 0. 0. 0. 0. 0. 0. 0. 0. 0. 0. 0. 0. 0. 0. 0. 0. 0. 0.
  0. 0. 0. 0. 0. 0. 0. 0. 0. 0. 0.]]; [0.]
314; [[0. 0. 0. 0. 0. 0. 0. 0. 0. 0. 0. 0. 0. 0. 0. 0. 0. 0. 0. 0. 0. 0. 0. 0.
  0. 0. 0. 0. 0. 0. 0. 0. 0. 0. 0.]]; [0.]
315; [[0. 0. 0. 0. 0. 0. 0. 0. 0. 0. 0. 0. 0. 0. 0. 0. 0. 0. 0. 0. 0. 0. 0. 0.
  0. 0. 0. 0. 0. 0. 0. 0. 0. 0. 0.]]; [0.]
316; [[0.0003014 0.000143  0.000143  0.000143  0.000143  0.000143  0.000143
  0.000143  0.000143  0.000143  0.0003014 0.000143  0.000143  0.000143
  0.000143  0.000143  0.000143  0.000143  0.000143  0.000143  0.000143
  0.000143  0.000143  0.000143  0.000143  0.000143  0.000143  0.000143
  0.000143  0.000143  0.000143  0.000143  0.        0.        0.       ]]; [0.]
317; [[0. 0. 0. 0. 0. 0. 0. 0. 0. 0. 0. 0. 0. 0. 0. 0. 0. 0. 0. 0. 0. 0. 0. 0.
  0. 0. 0. 0. 0. 0. 0. 0. 0. 0. 0.]]; [0.]
318; [[0.0003014 0.000143  0.000143  0.000143  0.000143  0.000143  0.000143
  0.000143  0.000143  0.000143  0.0003014 0.000143  0.000143  0.000143
  0.000143  0.000143  0.000143  0.000143  0.000143  0.000143  0.000143
  0.000143  0.000143  0.000143  0.000143  0.000143  0.000143  0.000143
  0.000143  0.000143  0.000143  0.000143  0.        0.        0.       ]]; [0.]
319; [[0. 0. 0. 0. 0. 0. 0. 0. 0. 0. 0. 0. 0. 0. 0. 0. 0. 0. 0. 0. 0. 0. 0. 0.
  0. 0. 0. 0. 0. 0. 0. 0. 0. 0. 0.]]; [0.]
320; [[0.0003014 0.000143  0.000143  0.000143  0.000143  0.000143  0.000143
  0.000143  0.000143  0.000143  0.0003014 0.000143  0.000143  0.000143
  0.000143  0.000143  0.000143  0.000143  0.000143  0.000143  0.000143
  0.000143  0.000143  0.000143  0.000143  0.000143  0.000143  0.000143
  0.000143  0.000143  0.000143  0.000143  0.        0.        0.       ]]; [0.]
321; [[0. 0. 0. 0. 0. 0. 0. 0. 0. 0. 0. 0. 0. 0. 0. 0. 0. 0. 0. 0. 0. 0. 0. 0.
  0. 0. 0. 0. 0. 0. 0. 0. 0. 0. 0.]]; [0.]
322; [[0. 0. 0. 0. 0. 0. 0. 0. 0. 0. 0. 0. 0. 0. 0. 0. 0. 0. 0. 0. 0. 0. 0. 0.
  0. 0. 0. 0. 0. 0. 0. 0. 0. 0. 0.]]; [0.]
323; [[0. 0. 0. 0. 0. 0. 0. 0. 0. 0. 0. 0. 0. 0. 0. 0. 0. 0. 0. 0. 0. 0. 0. 0.
  0. 0. 0. 0. 0. 0. 0. 0. 0. 0. 0.]]; [0.]
324; [[0.0002403  0.00011444 0.00011444 0.00011444 0.00011444 0.00011444
  0.00011444 0.00011444 0.00011444 0.00011444 0.0002403  0.00011444
  0.00011444 0.00011444 0.00011444 0.00011444 0.00011444 0.00011444
  0.00011444 0.00011444 0.00011444 0.00011444 0.00011444 0.00011444
  0.00011444 0.00011444 0.00011444 0.00011444 0.00011444 0.00011444
  0.00011444 0.00011444 0.         0.         0.        ]]; [0.]
325; [[0. 0. 0. 0. 0. 0. 0. 0. 0. 0. 0. 0. 0. 0. 0. 0. 0. 0. 0. 0. 0. 0. 0. 0.
  0. 0. 0. 0. 0. 0. 0. 0. 0. 0. 0.]]; [0.]
326; [[0.0003014 0.000143  0.000143  0.000143  0.000143  0.000143  0.000143
  0.000143  0.000143  0.000143  0.0003014 0.000143  0.000143  0.000143
  0.000143  0.000143  0.000143  0.000143  0.000143  0.000143  0.000143
  0.000143  0.000143  0.000143  0.000143  0.000143  0.000143  0.000143
  0.000143  0.000143  0.000143  0.000143  0.        0.        0.       ]]; [0.]
327; [[0.0003014 0.000143  0.000143  0.000143  0.000143  0.000143  0.000143
  0.000143  0.000143  0.000143  0.0003014 0.000143  0.000143  0.000143
  0.000143  0.000143  0.000143  0.000143  0.000143  0.000143  0.000143
  0.000143  0.000143  0.000143  0.000143  0.000143  0.000143  0.000143
  0.000143  0.000143  0.000143  0.000143  0.        0.        0.       ]]; [0.]
328; [[0. 0. 0. 0. 0. 0. 0. 0. 0. 0. 0. 0. 0. 0. 0. 0. 0. 0. 0. 0. 0. 0. 0. 0.
  0. 0. 0. 0. 0. 0. 0. 0. 0. 0. 0.]]; [0.]
329; [[0. 0. 0. 0. 0. 0. 0. 0. 0. 0. 0. 0. 0. 0. 0. 0. 0. 0. 0. 0. 0. 0. 0. 0.
  0. 0. 0. 0. 0. 0. 0. 0. 0. 0. 0.]]; [0.]
330; [[0. 0. 0. 0. 0. 0. 0. 0. 0. 0. 0. 0. 0. 0. 0. 0. 0. 0. 0. 0. 0. 0. 0. 0.
  0. 0. 0. 0. 0. 0. 0. 0. 0. 0. 0.]]; [0.]
331; [[0. 0. 0. 0. 0. 0. 0. 0. 0. 0. 0. 0. 0. 0. 0. 0. 0. 0. 0. 0. 0. 0. 0. 0.
  0. 0. 0. 0. 0. 0. 0. 0. 0. 0. 0.]]; [0.]
332; [[0. 0. 0. 0. 0. 0. 0. 0. 0. 0. 0. 0. 0. 0. 0. 0. 0. 0. 0. 0. 0. 0. 0. 0.
  0. 0. 0. 0. 0. 0. 0. 0. 0. 0. 0.]]; [0.]
333; [[0.000143  0.000143  0.000143  0.000143  0.000143  0.000143  0.000143
  0.000143  0.000143  0.000143  0.0003014 0.000143  0.000143  0.000143
  0.000143  0.000143  0.000143  0.000143  0.000143  0.000143  0.000143
  0.000143  0.000143  0.000143  0.000143  0.000143  0.000143  0.000143
  0.000143  0.000143  0.000143  0.000143  0.        0.        0.       ]]; [0.]
334; [[0.0001259 0.        0.        0.        0.        0.        0.
  0.        0.        0.        0.        0.        0.        0.
  0.        0.        0.        0.        0.        0.        0.
  0.        0.        0.        0.        0.        0.        0.
  0.        0.        0.        0.        0.        0.        0.       ]]; [0.]
335; [[0.0001259 0.        0.        0.        0.        0.        0.
  0.        0.        0.        0.        0.        0.        0.
  0.        0.        0.        0.        0.        0.        0.
  0.        0.        0.        0.        0.        0.        0.
  0.        0.        0.        0.        0.        0.        0.       ]]; [0.]
336; [[0. 0. 0. 0. 0. 0. 0. 0. 0. 0. 0. 0. 0. 0. 0. 0. 0. 0. 0. 0. 0. 0. 0. 0.
  0. 0. 0. 0. 0. 0. 0. 0. 0. 0. 0.]]; [0.]
337; [[0.0001259 0.        0.        0.        0.        0.        0.
  0.        0.        0.        0.        0.        0.        0.
  0.        0.        0.        0.        0.        0.        0.
  0.        0.        0.        0.        0.        0.        0.
  0.        0.        0.        0.        0.        0.        0.       ]]; [0.]
338; [[0.0001259 0.        0.        0.        0.        0.        0.
  0.        0.        0.        0.        0.        0.        0.
  0.        0.        0.        0.        0.        0.        0.
  0.        0.        0.        0.        0.        0.        0.
  0.        0.        0.        0.        0.        0.        0.       ]]; [0.]
339; [[0. 0. 0. 0. 0. 0. 0. 0. 0. 0. 0. 0. 0. 0. 0. 0. 0. 0. 0. 0. 0. 0. 0. 0.
  0. 0. 0. 0. 0. 0. 0. 0. 0. 0. 0.]]; [0.]
340; [[0. 0. 0. 0. 0. 0. 0. 0. 0. 0. 0. 0. 0. 0. 0. 0. 0. 0. 0. 0. 0. 0. 0. 0.
  0. 0. 0. 0. 0. 0. 0. 0. 0. 0. 0.]]; [0.]
341; [[0. 0. 0. 0. 0. 0. 0. 0. 0. 0. 0. 0. 0. 0. 0. 0. 0. 0. 0. 0. 0. 0. 0. 0.
  0. 0. 0. 0. 0. 0. 0. 0. 0. 0. 0.]]; [0.]
342; [[0. 0. 0. 0. 0. 0. 0. 0. 0. 0. 0. 0. 0. 0. 0. 0. 0. 0. 0. 0. 0. 0. 0. 0.
  0. 0. 0. 0. 0. 0. 0. 0. 0. 0. 0.]]; [0.]
343; [[0. 0. 0. 0. 0. 0. 0. 0. 0. 0. 0. 0. 0. 0. 0. 0. 0. 0. 0. 0. 0. 0. 0. 0.
  0. 0. 0. 0. 0. 0. 0. 0. 0. 0. 0.]]; [0.]
344; [[0. 0. 0. 0. 0. 0. 0. 0. 0. 0. 0. 0. 0. 0. 0. 0. 0. 0. 0. 0. 0. 0. 0. 0.
  0. 0. 0. 0. 0. 0. 0. 0. 0. 0. 0.]]; [0.]
345; [[0. 0. 0. 0. 0. 0. 0. 0. 0. 0. 0. 0. 0. 0. 0. 0. 0. 0. 0. 0. 0. 0. 0. 0.
  0. 0. 0. 0. 0. 0. 0. 0. 0. 0. 0.]]; [0.]
346; [[0.0001259 0.        0.        0.        0.        0.        0.
  0.        0.        0.        0.        0.        0.        0.
  0.        0.        0.        0.        0.        0.        0.
  0.        0.        0.        0.        0.        0.        0.
  0.        0.        0.        0.        0.        0.        0.       ]]; [0.]
347; [[0.0001259 0.        0.        0.        0.        0.        0.
  0.        0.        0.        0.        0.        0.        0.
  0.        0.        0.        0.        0.        0.        0.
  0.        0.        0.        0.        0.        0.        0.
  0.        0.        0.        0.        0.        0.        0.       ]]; [0.]
348; [[0.0001259 0.        0.        0.        0.        0.        0.
  0.        0.        0.        0.        0.        0.        0.
  0.        0.        0.        0.        0.        0.        0.
  0.        0.        0.        0.        0.        0.        0.
  0.        0.        0.        0.        0.        0.        0.       ]]; [0.]
349; [[0.0001259 0.        0.        0.        0.        0.        0.
  0.        0.        0.        0.        0.        0.        0.
  0.        0.        0.        0.        0.        0.        0.
  0.        0.        0.        0.        0.        0.        0.
  0.        0.        0.        0.        0.        0.        0.       ]]; [0.]
350; [[0.0001259 0.        0.        0.        0.        0.        0.
  0.        0.        0.        0.        0.        0.        0.
  0.        0.        0.        0.        0.        0.        0.
  0.        0.        0.        0.        0.        0.        0.
  0.        0.        0.        0.        0.        0.        0.       ]]; [0.]
351; [[0. 0. 0. 0. 0. 0. 0. 0. 0. 0. 0. 0. 0. 0. 0. 0. 0. 0. 0. 0. 0. 0. 0. 0.
  0. 0. 0. 0. 0. 0. 0. 0. 0. 0. 0.]]; [0.]
352; [[0. 0. 0. 0. 0. 0. 0. 0. 0. 0. 0. 0. 0. 0. 0. 0. 0. 0. 0. 0. 0. 0. 0. 0.
  0. 0. 0. 0. 0. 0. 0. 0. 0. 0. 0.]]; [0.]
353; [[0. 0. 0. 0. 0. 0. 0. 0. 0. 0. 0. 0. 0. 0. 0. 0. 0. 0. 0. 0. 0. 0. 0. 0.
  0. 0. 0. 0. 0. 0. 0. 0. 0. 0. 0.]]; [0.]
354; [[0. 0. 0. 0. 0. 0. 0. 0. 0. 0. 0. 0. 0. 0. 0. 0. 0. 0. 0. 0. 0. 0. 0. 0.
  0. 0. 0. 0. 0. 0. 0. 0. 0. 0. 0.]]; [0.]
355; [[0.0001259 0.        0.        0.        0.        0.        0.
  0.        0.        0.        0.        0.        0.        0.
  0.        0.        0.        0.        0.        0.        0.
  0.        0.        0.        0.        0.        0.        0.
  0.        0.        0.        0.        0.        0.        0.       ]]; [0.]
356; [[0.0001259 0.        0.        0.        0.        0.        0.
  0.        0.        0.        0.        0.        0.        0.
  0.        0.        0.        0.        0.        0.        0.
  0.        0.        0.        0.        0.        0.        0.
  0.        0.        0.        0.        0.        0.        0.       ]]; [0.]
357; [[0. 0. 0. 0. 0. 0. 0. 0. 0. 0. 0. 0. 0. 0. 0. 0. 0. 0. 0. 0. 0. 0. 0. 0.
  0. 0. 0. 0. 0. 0. 0. 0. 0. 0. 0.]]; [0.]
358; [[0.00011444 0.00011444 0.00011444 0.00011444 0.00011444 0.00011444
  0.00011444 0.00011444 0.00011444 0.00011444 0.0002403  0.00011444
  0.00011444 0.00011444 0.00011444 0.00011444 0.00011444 0.00011444
  0.00011444 0.00011444 0.00011444 0.00011444 0.00011444 0.00011444
  0.00011444 0.00011444 0.00011444 0.00011444 0.00011444 0.00011444
  0.00011444 0.00011444 0.         0.         0.        ]]; [0.]
359; [[0.00011444 0.00011444 0.00011444 0.00011444 0.00011444 0.00011444
  0.00011444 0.00011444 0.00011444 0.00011444 0.0002403  0.00011444
  0.00011444 0.00011444 0.00011444 0.00011444 0.00011444 0.00011444
  0.00011444 0.00011444 0.00011444 0.00011444 0.00011444 0.00011444
  0.00011444 0.00011444 0.00011444 0.00011444 0.00011444 0.00011444
  0.00011444 0.00011444 0.         0.         0.        ]]; [0.]
360; [[0.00011444 0.00011444 0.00011444 0.00011444 0.00011444 0.00011444
  0.00011444 0.00011444 0.00011444 0.00011444 0.0002403  0.00011444
  0.00011444 0.00011444 0.00011444 0.00011444 0.00011444 0.00011444
  0.00011444 0.00011444 0.00011444 0.00011444 0.00011444 0.00011444
  0.00011444 0.00011444 0.00011444 0.00011444 0.00011444 0.00011444
  0.00011444 0.00011444 0.         0.         0.        ]]; [0.]
361; [[0.00011444 0.00011444 0.00011444 0.00011444 0.00011444 0.00011444
  0.00011444 0.00011444 0.00011444 0.00011444 0.0002403  0.00011444
  0.00011444 0.00011444 0.00011444 0.00011444 0.00011444 0.00011444
  0.00011444 0.00011444 0.00011444 0.00011444 0.00011444 0.00011444
  0.00011444 0.00011444 0.00011444 0.00011444 0.00011444 0.00011444
  0.00011444 0.00011444 0.         0.         0.        ]]; [0.]
362; [[0. 0. 0. 0. 0. 0. 0. 0. 0. 0. 0. 0. 0. 0. 0. 0. 0. 0. 0. 0. 0. 0. 0. 0.
  0. 0. 0. 0. 0. 0. 0. 0. 0. 0. 0.]]; [0.]
363; [[0.000143  0.000143  0.000143  0.000143  0.000143  0.000143  0.000143
  0.000143  0.000143  0.000143  0.0003014 0.000143  0.000143  0.000143
  0.000143  0.000143  0.000143  0.000143  0.000143  0.000143  0.000143
  0.000143  0.000143  0.000143  0.000143  0.000143  0.000143  0.000143
  0.000143  0.000143  0.000143  0.000143  0.        0.        0.       ]]; [0.]
364; [[0.000143  0.000143  0.000143  0.000143  0.000143  0.000143  0.000143
  0.000143  0.000143  0.000143  0.0003014 0.000143  0.000143  0.000143
  0.000143  0.000143  0.000143  0.000143  0.000143  0.000143  0.000143
  0.000143  0.000143  0.000143  0.000143  0.000143  0.000143  0.000143
  0.000143  0.000143  0.000143  0.000143  0.        0.        0.       ]]; [0.]
365; [[0.000143  0.000143  0.000143  0.000143  0.000143  0.000143  0.000143
  0.000143  0.000143  0.000143  0.0003014 0.000143  0.000143  0.000143
  0.000143  0.000143  0.000143  0.000143  0.000143  0.000143  0.000143
  0.000143  0.000143  0.000143  0.000143  0.000143  0.000143  0.000143
  0.000143  0.000143  0.000143  0.000143  0.        0.        0.       ]]; [0.]
366; [[0.000143  0.000143  0.000143  0.000143  0.000143  0.000143  0.000143
  0.000143  0.000143  0.000143  0.0003014 0.000143  0.000143  0.000143
  0.000143  0.000143  0.000143  0.000143  0.000143  0.000143  0.000143
  0.000143  0.000143  0.000143  0.000143  0.000143  0.000143  0.000143
  0.000143  0.000143  0.000143  0.000143  0.        0.        0.       ]]; [0.]
367; [[0. 0. 0. 0. 0. 0. 0. 0. 0. 0. 0. 0. 0. 0. 0. 0. 0. 0. 0. 0. 0. 0. 0. 0.
  0. 0. 0. 0. 0. 0. 0. 0. 0. 0. 0.]]; [0.]
368; [[0. 0. 0. 0. 0. 0. 0. 0. 0. 0. 0. 0. 0. 0. 0. 0. 0. 0. 0. 0. 0. 0. 0. 0.
  0. 0. 0. 0. 0. 0. 0. 0. 0. 0. 0.]]; [0.]
369; [[0.000143  0.000143  0.000143  0.000143  0.000143  0.000143  0.000143
  0.000143  0.000143  0.000143  0.0003014 0.000143  0.000143  0.000143
  0.000143  0.000143  0.000143  0.000143  0.000143  0.000143  0.000143
  0.000143  0.000143  0.000143  0.000143  0.000143  0.000143  0.000143
  0.000143  0.000143  0.000143  0.000143  0.        0.        0.       ]]; [0.]
370; [[0. 0. 0. 0. 0. 0. 0. 0. 0. 0. 0. 0. 0. 0. 0. 0. 0. 0. 0. 0. 0. 0. 0. 0.
  0. 0. 0. 0. 0. 0. 0. 0. 0. 0. 0.]]; [0.]
371; [[0. 0. 0. 0. 0. 0. 0. 0. 0. 0. 0. 0. 0. 0. 0. 0. 0. 0. 0. 0. 0. 0. 0. 0.
  0. 0. 0. 0. 0. 0. 0. 0. 0. 0. 0.]]; [0.]
372; [[0. 0. 0. 0. 0. 0. 0. 0. 0. 0. 0. 0. 0. 0. 0. 0. 0. 0. 0. 0. 0. 0. 0. 0.
  0. 0. 0. 0. 0. 0. 0. 0. 0. 0. 0.]]; [0.]
373; [[0.000143  0.000143  0.000143  0.000143  0.000143  0.000143  0.000143
  0.000143  0.000143  0.000143  0.0003014 0.000143  0.000143  0.000143
  0.000143  0.000143  0.000143  0.000143  0.000143  0.000143  0.000143
  0.000143  0.000143  0.000143  0.000143  0.000143  0.000143  0.000143
  0.000143  0.000143  0.000143  0.000143  0.        0.        0.       ]]; [0.]
374; [[0.0001259 0.        0.        0.        0.        0.        0.
  0.        0.        0.        0.        0.        0.        0.
  0.        0.        0.        0.        0.        0.        0.
  0.        0.        0.        0.        0.        0.        0.
  0.        0.        0.        0.        0.        0.        0.       ]]; [0.]
375; [[0.0001259 0.        0.        0.        0.        0.        0.
  0.        0.        0.        0.        0.        0.        0.
  0.        0.        0.        0.        0.        0.        0.
  0.        0.        0.        0.        0.        0.        0.
  0.        0.        0.        0.        0.        0.        0.       ]]; [0.]
376; [[0.000143  0.000143  0.000143  0.000143  0.000143  0.000143  0.000143
  0.000143  0.000143  0.000143  0.0003014 0.000143  0.0003014 0.000143
  0.000143  0.000143  0.000143  0.000143  0.000143  0.000143  0.000143
  0.000143  0.000143  0.000143  0.000143  0.000143  0.000143  0.000143
  0.000143  0.000143  0.0003014 0.000143  0.        0.        0.       ]]; [0.]
377; [[0.000143  0.000143  0.000143  0.000143  0.000143  0.000143  0.000143
  0.000143  0.000143  0.000143  0.0003014 0.000143  0.0003014 0.000143
  0.000143  0.000143  0.000143  0.000143  0.000143  0.000143  0.000143
  0.000143  0.000143  0.000143  0.000143  0.000143  0.000143  0.000143
  0.000143  0.000143  0.0003014 0.000143  0.        0.        0.       ]]; [0.]
378; [[0.000143  0.000143  0.000143  0.000143  0.000143  0.000143  0.000143
  0.000143  0.000143  0.000143  0.0003014 0.000143  0.0003014 0.000143
  0.000143  0.000143  0.000143  0.000143  0.000143  0.000143  0.000143
  0.000143  0.000143  0.000143  0.000143  0.000143  0.000143  0.000143
  0.000143  0.000143  0.0003014 0.000143  0.        0.        0.       ]]; [0.]
379; [[0.000143  0.000143  0.000143  0.000143  0.000143  0.000143  0.000143
  0.000143  0.000143  0.000143  0.0003014 0.000143  0.0003014 0.000143
  0.000143  0.000143  0.000143  0.000143  0.000143  0.000143  0.000143
  0.000143  0.000143  0.000143  0.000143  0.000143  0.000143  0.000143
  0.000143  0.000143  0.0003014 0.000143  0.        0.        0.       ]]; [0.]
380; [[0.0001583 0.        0.        0.        0.        0.        0.
  0.        0.        0.        0.        0.        0.        0.
  0.        0.        0.        0.        0.        0.        0.
  0.        0.        0.        0.        0.        0.        0.
  0.        0.        0.        0.        0.        0.        0.       ]]; [0.]
381; [[0.0001583 0.        0.        0.        0.        0.        0.
  0.        0.        0.        0.        0.        0.        0.
  0.        0.        0.        0.        0.        0.        0.
  0.        0.        0.        0.        0.        0.        0.
  0.        0.        0.        0.        0.        0.        0.       ]]; [0.]
382; [[0.0001583 0.        0.        0.        0.        0.        0.
  0.        0.        0.        0.        0.        0.        0.
  0.        0.        0.        0.        0.        0.        0.
  0.        0.        0.        0.        0.        0.        0.
  0.        0.        0.        0.        0.        0.        0.       ]]; [0.]
383; [[0.0001583 0.        0.        0.        0.        0.        0.
  0.        0.        0.        0.        0.        0.        0.
  0.        0.        0.        0.        0.        0.        0.
  0.        0.        0.        0.        0.        0.        0.
  0.        0.        0.        0.        0.        0.        0.       ]]; [0.]
384; [[0.000143  0.000143  0.000143  0.000143  0.000143  0.000143  0.000143
  0.000143  0.000143  0.000143  0.0003014 0.000143  0.000143  0.000143
  0.000143  0.000143  0.000143  0.000143  0.000143  0.000143  0.000143
  0.000143  0.000143  0.000143  0.000143  0.000143  0.000143  0.000143
  0.000143  0.000143  0.000143  0.000143  0.        0.        0.       ]]; [0.]
385; [[0.000143  0.000143  0.000143  0.000143  0.000143  0.000143  0.000143
  0.000143  0.000143  0.000143  0.0003014 0.000143  0.000143  0.000143
  0.000143  0.000143  0.000143  0.000143  0.000143  0.000143  0.000143
  0.000143  0.000143  0.000143  0.000143  0.000143  0.000143  0.000143
  0.000143  0.000143  0.000143  0.000143  0.        0.        0.       ]]; [0.]
386; [[0.0001259 0.        0.        0.        0.        0.        0.
  0.        0.        0.        0.        0.        0.        0.
  0.        0.        0.        0.        0.        0.        0.
  0.        0.        0.        0.        0.        0.        0.
  0.        0.        0.        0.        0.        0.        0.       ]]; [0.]
387; [[0. 0. 0. 0. 0. 0. 0. 0. 0. 0. 0. 0. 0. 0. 0. 0. 0. 0. 0. 0. 0. 0. 0. 0.
  0. 0. 0. 0. 0. 0. 0. 0. 0. 0. 0.]]; [0.]
388; [[0.0001259 0.        0.        0.        0.        0.        0.
  0.        0.        0.        0.        0.        0.        0.
  0.        0.        0.        0.        0.        0.        0.
  0.        0.        0.        0.        0.        0.        0.
  0.        0.        0.        0.        0.        0.        0.       ]]; [0.]
389; [[0. 0. 0. 0. 0. 0. 0. 0. 0. 0. 0. 0. 0. 0. 0. 0. 0. 0. 0. 0. 0. 0. 0. 0.
  0. 0. 0. 0. 0. 0. 0. 0. 0. 0. 0.]]; [0.]
390; [[0. 0. 0. 0. 0. 0. 0. 0. 0. 0. 0. 0. 0. 0. 0. 0. 0. 0. 0. 0. 0. 0. 0. 0.
  0. 0. 0. 0. 0. 0. 0. 0. 0. 0. 0.]]; [0.]
391; [[0. 0. 0. 0. 0. 0. 0. 0. 0. 0. 0. 0. 0. 0. 0. 0. 0. 0. 0. 0. 0. 0. 0. 0.
  0. 0. 0. 0. 0. 0. 0. 0. 0. 0. 0.]]; [0.]
392; [[0. 0. 0. 0. 0. 0. 0. 0. 0. 0. 0. 0. 0. 0. 0. 0. 0. 0. 0. 0. 0. 0. 0. 0.
  0. 0. 0. 0. 0. 0. 0. 0. 0. 0. 0.]]; [0.]
393; [[0.0001583 0.        0.        0.        0.        0.        0.
  0.        0.        0.        0.        0.        0.        0.
  0.        0.        0.        0.        0.        0.        0.
  0.        0.        0.        0.        0.        0.        0.
  0.        0.        0.        0.        0.        0.        0.       ]]; [0.]
394; [[0. 0. 0. 0. 0. 0. 0. 0. 0. 0. 0. 0. 0. 0. 0. 0. 0. 0. 0. 0. 0. 0. 0. 0.
  0. 0. 0. 0. 0. 0. 0. 0. 0. 0. 0.]]; [0.]
395; [[0.0001583 0.        0.        0.        0.        0.        0.
  0.        0.        0.        0.        0.        0.        0.
  0.        0.        0.        0.        0.        0.        0.
  0.        0.        0.        0.        0.        0.        0.
  0.        0.        0.        0.        0.        0.        0.       ]]; [0.]
396; [[0.0001583 0.        0.        0.        0.        0.        0.
  0.        0.        0.        0.        0.        0.        0.
  0.        0.        0.        0.        0.        0.        0.
  0.        0.        0.        0.        0.        0.        0.
  0.        0.        0.        0.        0.        0.        0.       ]]; [0.]
397; [[0.0001583 0.        0.        0.        0.        0.        0.
  0.        0.        0.        0.        0.        0.        0.
  0.        0.        0.        0.        0.        0.        0.
  0.        0.        0.        0.        0.        0.        0.
  0.        0.        0.        0.        0.        0.        0.       ]]; [0.]
398; [[0. 0. 0. 0. 0. 0. 0. 0. 0. 0. 0. 0. 0. 0. 0. 0. 0. 0. 0. 0. 0. 0. 0. 0.
  0. 0. 0. 0. 0. 0. 0. 0. 0. 0. 0.]]; [0.]
399; [[0.000143  0.000143  0.000143  0.000143  0.000143  0.000143  0.000143
  0.000143  0.000143  0.000143  0.0003014 0.000143  0.000143  0.000143
  0.000143  0.000143  0.000143  0.000143  0.000143  0.000143  0.000143
  0.000143  0.000143  0.000143  0.000143  0.000143  0.000143  0.000143
  0.000143  0.000143  0.000143  0.000143  0.        0.        0.       ]]; [0.]
